100.542	523
101.361	493
102.18	449
103	493
103.819	463
104.638	447
105.457	447
106.276	455
107.095	433
107.913	403
108.731	423
109.549	415
110.368	429
111.186	407
112.004	407
112.823	413
113.64	389
114.458	401
115.275	387
116.093	369
116.91	383
117.727	381
118.544	373
119.362	353
120.179	347
120.995	353
121.812	353
122.628	321
123.444	347
124.261	327
125.078	327
125.894	319
126.709	331
127.525	329
128.341	329
129.156	309
129.972	309
130.788	307
131.603	315
132.418	301
133.233	301
134.048	307
134.863	291
135.678	303
136.492	287
137.307	279
138.121	291
138.935	281
139.75	283
140.564	275
141.378	273
142.191	263
143.005	261
143.819	279
144.632	253
145.446	263
146.259	265
147.071	263
147.884	249
148.697	261
149.51	251
150.323	249
151.136	241
151.948	237
152.761	237
153.572	249
154.385	239
155.197	241
156.009	241
156.821	243
157.633	233
158.443	233
159.255	207
160.067	237
160.878	219
161.689	209
162.5	227
163.311	217
164.122	221
164.932	223
165.743	207
166.553	227
167.364	217
168.173	201
168.984	201
169.794	193
170.603	189
171.413	183
172.223	177
173.032	173
173.842	181
174.652	181
175.46	173
176.27	187
177.078	191
177.887	189
178.697	175
179.505	189
180.314	187
181.121	189
181.93	189
182.738	191
183.546	201
184.354	205
185.162	191
185.969	199
186.777	185
187.584	177
188.392	189
189.199	183
190.007	189
190.813	187
191.621	191
192.427	191
193.234	181
194.041	191
194.847	187
195.654	179
196.46	201
197.266	187
198.072	189
198.878	191
199.684	187
200.49	183
201.295	183
202.101	175
202.906	181
203.711	195
204.517	181
205.322	173
206.126	173
206.931	183
207.736	177
208.54	167
209.345	173
210.149	175
210.954	171
211.758	167
212.562	167
213.365	173
214.169	177
214.973	167
215.777	169
216.58	181
217.383	179
218.186	165
218.989	170
219.793	163
220.596	179
221.399	179
222.201	173
223.004	163
223.806	159
224.609	167
225.411	155
226.213	167
227.015	163
227.817	155
228.619	157
229.421	159
230.223	155
231.024	145
231.825	129
232.627	153
233.428	147
234.229	141
235.03	147
235.83	147
236.63	149
237.431	157
238.232	157
239.032	163
239.832	163
240.633	175
241.433	161
242.233	149
243.033	163
243.832	161
244.631	141
245.431	153
246.23	157
247.03	141
247.829	145
248.628	161
249.426	163
250.225	157
251.024	145
251.823	157
252.622	145
253.419	147
254.218	151
255.016	147
255.815	133
256.612	149
257.41	153
258.208	163
259.005	139
259.803	153
260.6	141
261.398	159
262.194	161
262.992	147
263.788	155
264.585	153
265.382	145
266.178	141
266.975	159
267.772	149
268.568	129
269.364	157
270.16	139
270.956	137
271.751	135
272.547	143
273.343	147
274.138	139
274.934	143
275.729	149
276.525	147
277.319	141
278.115	133
278.909	139
279.704	137
280.498	149
281.293	125
282.087	137
282.881	149
283.676	139
284.47	143
285.264	157
286.058	143
286.851	133
287.645	139
288.439	141
289.233	143
290.026	135
290.818	141
291.612	161
292.405	147
293.197	137
293.99	147
294.783	159
295.575	155
296.368	145
297.161	137
297.952	145
298.744	139
299.536	129
300.329	131
301.12	123
301.912	115
302.703	127
303.494	121
304.286	121
305.077	123
305.868	135
306.659	133
307.45	129
308.241	137
309.032	131
309.823	141
310.613	125
311.403	137
312.193	151
312.983	143
313.773	137
314.563	149
315.353	141
316.143	147
316.932	149
317.722	137
318.512	147
319.301	137
320.09	145
320.879	143
321.668	145
322.456	143
323.245	143
324.034	147
324.822	139
325.611	141
326.399	133
327.187	141
327.975	143
328.763	135
329.551	149
330.339	133
331.127	139
331.914	127
332.701	135
333.488	137
334.276	135
335.063	139
335.85	129
336.637	149
337.423	139
338.21	141
338.997	141
339.783	139
340.57	147
341.356	131
342.142	123
342.928	127
343.713	133
344.499	135
345.285	139
346.071	133
346.856	133
347.642	137
348.427	137
349.212	127
349.997	129
350.782	143
351.566	149
352.352	131
353.136	135
353.92	135
354.705	135
355.489	129
356.273	147
357.058	135
357.841	133
358.626	141
359.409	113
360.193	131
360.976	125
361.76	121
362.543	129
363.326	115
364.109	131
364.892	135
365.675	121
366.458	111
367.24	121
368.023	129
368.805	121
369.587	119
370.37	123
371.152	117
371.934	131
372.716	141
373.497	129
374.28	127
375.061	125
375.843	137
376.624	127
377.405	121
378.187	127
378.967	125
379.748	113
380.529	119
381.31	121
382.09	121
382.871	121
383.652	123
384.432	115
385.212	119
385.991	119
386.771	127
387.552	117
388.331	109
389.111	115
389.89	127
390.67	129
391.45	127
392.229	127
393.008	123
393.787	125
394.565	135
395.344	125
396.123	127
396.902	129
397.68	135
398.459	123
399.237	117
400.015	127
400.793	117
401.571	125
402.349	135
403.126	131
403.904	119
404.681	127
405.459	127
406.236	131
407.013	129
407.79	123
408.567	111
409.344	129
410.121	141
410.898	135
411.675	147
412.451	155
413.227	143
414.003	151
414.779	149
415.555	151
416.331	151
417.107	163
417.883	153
418.658	155
419.434	169
420.209	165
420.984	163
421.76	167
422.535	177
423.309	175
424.084	173
424.859	183
425.634	183
426.408	187
427.183	201
427.957	191
428.731	213
429.505	221
430.28	221
431.054	217
431.827	223
432.601	211
433.375	179
434.148	205
434.921	197
435.694	195
436.467	181
437.241	173
438.013	159
438.786	159
439.559	145
440.332	141
441.105	143
441.876	135
442.649	137
443.421	133
444.193	145
444.965	139
445.737	145
446.509	141
447.281	137
448.052	137
448.824	149
449.595	137
450.366	123
451.137	125
451.908	117
452.679	111
453.45	125
454.221	117
454.991	109
455.761	115
456.532	105
457.302	115
458.072	99
458.843	101
459.613	99
460.382	95
461.153	97
461.922	93
462.691	83
463.461	87
464.23	91
464.999	89
465.768	83
466.538	83
467.307	91
468.075	81
468.844	87
469.613	79
470.382	69
471.15	85
471.918	81
472.686	75
473.454	79
474.223	89
474.99	69
475.758	85
476.526	83
477.293	85
478.06	91
478.828	81
479.595	87
480.362	89
481.129	79
481.897	71
482.663	71
483.43	69
484.197	63
484.963	65
485.73	59
486.496	61
487.262	61
488.028	71
488.794	79
489.56	75
490.325	71
491.091	71
491.857	71
492.622	79
493.388	75
494.153	75
494.918	71
495.683	87
496.448	83
497.213	89
497.977	85
498.742	89
499.507	81
500.271	89
501.036	79
501.799	87
502.564	85
503.328	75
504.092	85
504.856	75
505.619	67
506.383	61
507.146	59
507.909	55
508.673	65
509.436	63
510.199	59
510.962	63
511.725	69
512.488	65
513.25	77
514.013	77
514.776	75
515.537	83
516.3	81
517.062	81
517.824	81
518.586	77
519.348	77
520.11	89
520.871	83
521.633	73
522.394	65
523.155	71
523.916	83
524.678	79
525.438	81
526.2	73
526.96	75
527.721	83
528.481	75
529.242	83
530.002	75
530.763	69
531.523	73
532.282	67
533.043	83
533.802	75
534.562	75
535.322	73
536.081	65
536.841	69
537.6	63
538.359	73
539.119	63
539.878	69
540.636	71
541.395	73
542.154	75
542.913	95
543.671	95
544.429	95
545.188	89
545.946	93
546.704	97
547.462	105
548.22	113
548.978	109
549.735	111
550.493	103
551.25	101
552.007	103
552.765	101
553.522	101
554.279	99
555.036	89
555.793	87
556.55	87
557.306	93
558.063	79
558.819	83
559.575	83
560.331	93
561.088	87
561.844	89
562.599	87
563.355	87
564.111	89
564.867	89
565.622	91
566.378	87
567.133	93
567.888	83
568.643	87
569.398	85
570.153	77
570.908	85
571.663	85
572.418	83
573.172	87
573.926	79
574.68	73
575.435	73
576.189	65
576.943	57
577.697	63
578.45	57
579.204	51
579.958	45
580.711	47
581.464	41
582.218	51
582.971	43
583.724	49
584.477	41
585.23	39
585.983	47
586.735	49
587.488	55
588.24	55
588.992	63
589.745	55
590.497	57
591.248	61
592.001	59
592.753	73
593.504	67
594.256	77
595.007	83
595.759	85
596.511	83
597.261	89
598.013	83
598.763	73
599.515	81
600.265	81
601.016	81
601.766	73
602.517	77
603.267	79
604.018	79
604.768	79
605.518	85
606.268	81
607.018	91
607.768	93
608.517	89
609.266	95
610.016	91
610.766	99
611.515	99
612.264	105
613.013	105
613.763	115
614.511	93
615.26	101
616.008	97
616.757	95
617.505	81
618.254	95
619.003	85
619.75	89
620.498	81
621.246	81
621.994	79
622.742	77
623.49	71
624.237	79
624.984	71
625.732	79
626.48	81
627.227	79
627.973	77
628.72	83
629.467	79
630.214	77
630.96	87
631.707	79
632.453	83
633.199	89
633.946	81
634.693	93
635.439	89
636.184	101
636.93	91
637.676	97
638.422	97
639.167	109
639.913	107
640.657	91
641.402	97
642.148	99
642.893	99
643.638	101
644.383	83
645.127	91
645.872	81
646.617	73
647.361	67
648.106	79
648.849	59
649.593	60
650.338	61
651.082	77
651.826	65
652.569	67
653.312	69
654.056	67
654.8	67
655.543	67
656.286	69
657.029	75
657.772	69
658.515	73
659.258	69
660.001	73
660.744	77
661.485	75
662.228	73
662.97	85
663.712	89
664.455	89
665.196	89
665.939	87
666.681	81
667.422	71
668.164	77
668.905	79
669.647	73
670.387	77
671.129	69
671.87	71
672.611	73
673.352	65
674.093	85
674.833	83
675.574	79
676.314	75
677.055	81
677.795	83
678.536	69
679.275	71
680.016	75
680.755	79
681.495	69
682.235	87
682.974	73
683.714	77
684.454	87
685.193	81
685.932	81
686.671	95
687.41	89
688.149	77
688.888	91
689.626	65
690.365	79
691.104	75
691.842	71
692.58	67
693.318	79
694.056	77
694.795	71
695.533	83
696.27	79
697.008	83
697.745	81
698.483	83
699.221	81
699.958	93
700.695	83
701.432	87
702.169	93
702.906	83
703.643	85
704.379	83
705.116	81
705.852	83
706.589	91
707.326	87
708.062	81
708.798	85
709.534	79
710.27	71
711.005	73
711.741	75
712.476	71
713.212	85
713.947	69
714.683	77
715.418	61
716.153	83
716.888	71
717.623	75
718.358	77
719.093	73
719.827	85
720.562	85
721.296	93
722.031	87
722.765	93
723.499	95
724.233	99
724.967	95
725.701	89
726.435	85
727.168	83
727.902	79
728.635	75
729.368	77
730.102	83
730.835	89
731.568	71
732.301	79
733.034	81
733.766	71
734.499	73
735.232	71
735.964	73
736.696	67
737.429	67
738.161	73
738.893	83
739.624	81
740.357	73
741.088	81
741.82	93
742.551	83
743.283	79
744.014	73
744.746	81
745.476	87
746.208	85
746.939	81
747.67	81
748.4	83
749.131	83
749.862	83
750.592	93
751.323	97
752.053	99
752.783	95
753.513	81
754.243	91
754.973	85
755.703	91
756.432	81
757.162	93
757.892	95
758.621	85
759.35	93
760.08	95
760.809	91
761.537	87
762.266	83
762.995	91
763.724	85
764.452	81
765.181	87
765.909	83
766.638	81
767.366	83
768.094	81
768.822	83
769.55	91
770.278	95
771.005	83
771.734	87
772.461	87
773.189	93
773.916	83
774.643	83
775.37	99
776.097	85
776.824	95
777.551	91
778.278	95
779.004	97
779.731	93
780.457	95
781.184	97
781.91	91
782.636	97
783.362	91
784.088	93
784.814	99
785.539	103
786.265	93
786.991	93
787.717	103
788.442	109
789.167	87
789.892	91
790.617	85
791.342	95
792.067	83
792.792	89
793.516	83
794.241	87
794.966	89
795.691	89
796.414	83
797.139	89
797.863	93
798.587	91
799.311	97
800.035	115
800.759	95
801.482	103
802.206	99
802.929	93
803.652	101
804.376	95
805.099	95
805.822	101
806.544	99
807.268	95
807.991	95
808.713	87
809.436	87
810.158	84.8436
810.881	79.1632
811.603	75.6238
812.325	91.3924
813.047	98.2638
813.769	94.444
814.491	102.503
815.213	97.722
815.935	112.256
816.656	100.805
817.378	104.089
818.099	107.672
818.821	109.733
819.542	108.776
820.262	107.756
820.984	104.324
821.705	105.057
822.425	101.314
823.146	102.683
823.867	97.3875
824.587	95.4578
825.308	112.946
826.028	92.3877
826.748	100.281
827.468	109.571
828.189	93.4518
828.909	100.643
829.628	108.082
830.348	104.494
831.068	103.053
831.788	110.122
832.507	106.701
833.226	99
833.945	104.618
834.664	104.891
835.384	105.733
836.103	111.308
836.822	105.921
837.54	107.274
838.259	111.915
838.978	100.644
839.696	100.29
840.414	102.084
841.133	98.4438
841.851	102.339
842.569	105.815
843.287	98.5329
844.005	108.456
844.723	111.4
845.44	104.578
846.158	109.817
846.876	117.374
847.593	110.919
848.311	116.238
849.028	112.987
849.745	116.648
850.462	122.541
851.179	116.838
851.896	124.314
852.613	120.284
853.33	123.884
854.046	127.417
854.763	121.484
855.479	131.257
856.195	124.271
856.912	126.264
857.628	131.9
858.344	139.158
859.06	139.534
859.776	143.514
860.492	142.351
861.207	156.079
861.922	157.125
862.638	163.428
863.354	169.376
864.068	177.739
864.784	179.743
865.499	188.55
866.213	204.054
866.929	215.003
867.644	217.355
868.358	237.248
869.073	250.188
869.787	279.886
870.501	301.421
871.216	303.111
871.93	336.288
872.644	379.223
873.358	415.455
874.072	449.967
874.786	500.714
875.499	545.952
876.214	599.288
876.927	659.836
877.641	719.56
878.353	777.663
879.067	785.427
879.78	819.196
880.493	842.523
881.206	814.961
881.824	825
882.541	829
883.258	793
883.975	721
884.691	671
885.408	647
886.124	565
886.841	541
887.557	469
888.273	427
888.989	395
889.705	371
890.421	337
891.136	307
891.853	277
892.568	249
893.284	223
893.999	211
894.714	217
895.429	205
896.144	205
896.859	197
897.574	175
898.289	161
899.004	153
899.719	143
900.433	163
901.148	137
901.862	157
902.576	151
903.29	145
904.005	143
904.719	133
905.433	133
906.146	147
906.86	133
907.574	129
908.287	129
909.001	105
909.714	125
910.427	127
911.14	105
911.853	111
912.566	123
913.279	107
913.992	107
914.705	117
915.417	103
916.13	113
916.842	109
917.555	115
918.267	99
918.979	97
919.691	119
920.403	111
921.115	101
921.826	111
922.538	119
923.25	111
923.961	111
924.672	109
925.384	107
926.095	103
926.806	105
927.517	105
928.229	111
928.939	95
929.65	105
930.36	99
931.071	113
931.781	95
932.491	111
933.202	107
933.912	101
934.622	107
935.332	107
936.042	103
936.752	103
937.461	89
938.171	105
938.88	87
939.59	97
940.299	97
941.009	95
941.717	85
942.427	87
943.135	93
943.845	103
944.553	99
945.262	113
945.971	103
946.679	101
947.388	79
948.096	95
948.803	115
949.512	89
950.22	99
950.928	101
951.636	91
952.343	101
953.052	95
953.759	93
954.466	101
955.173	105
955.881	99
956.588	93
957.295	105
958.002	93
958.709	101
959.416	97
960.122	87
960.829	97
961.536	107
962.242	93
962.948	91
963.654	89
964.36	91
965.067	91
965.773	85
966.479	81
967.184	77
967.89	77
968.596	83
969.301	85
970.007	85
970.712	87
971.418	79
972.123	89
972.828	91
973.533	91
974.237	103
974.942	101
975.647	97
976.351	95
977.056	91
977.76	95
978.465	81
979.169	89
979.873	93
980.577	107
981.281	103
981.985	103
982.689	107
983.392	103
984.096	89
984.8	85
985.502	95
986.206	95
986.909	91
987.612	89
988.315	97
989.018	83
989.721	91
990.423	91
991.126	93
991.829	99
992.532	101
993.234	93
993.936	97
994.638	99
995.341	85
996.043	103
996.744	95
997.446	91
998.148	99
998.85	99
999.551	101
1000.25	99
1000.95	103
1001.65	93
1002.36	105
1003.06	99
1003.76	115
1004.46	97
1005.16	95
1005.86	109
1006.56	97
1007.26	109
1007.96	99
1008.66	107
1009.36	113
1010.06	105
1010.76	97
1011.46	99
1012.16	111
1012.86	101
1013.56	117
1014.26	123
1014.96	107
1015.66	109
1016.36	109
1017.06	111
1017.76	109
1018.46	107
1019.16	115
1019.86	107
1020.55	115
1021.25	111
1021.95	105
1022.65	121
1023.35	103
1024.05	115
1024.75	117
1025.44	109
1026.14	113
1026.84	111
1027.54	121
1028.24	107
1028.93	121
1029.63	107
1030.33	129
1031.03	121
1031.72	129
1032.42	139
1033.12	137
1033.81	137
1034.51	149
1035.21	151
1035.91	159
1036.6	179
1037.3	169
1038	179
1038.69	187
1039.39	183
1040.08	203
1040.78	213
1041.48	207
1042.17	213
1042.87	225
1043.56	229
1044.26	231
1044.96	255
1045.65	241
1046.35	255
1047.04	265
1047.74	255
1048.43	279
1049.13	263
1049.82	255
1050.52	263
1051.21	281
1051.91	267
1052.6	271
1053.3	251
1053.99	233
1054.68	265
1055.38	231
1056.07	241
1056.77	217
1057.46	213
1058.15	213
1058.85	191
1059.54	201
1060.24	187
1060.93	187
1061.62	191
1062.32	189
1063.01	187
1063.7	183
1064.4	171
1065.09	177
1065.78	153
1066.47	163
1067.17	165
1067.86	169
1068.55	165
1069.24	159
1069.94	159
1070.63	175
1071.32	171
1072.01	177
1072.71	167
1073.4	183
1074.09	161
1074.78	183
1075.47	159
1076.16	183
1076.86	177
1077.55	181
1078.24	195
1078.93	197
1079.62	207
1080.31	189
1081	191
1081.69	185
1082.38	209
1083.07	223
1083.77	213
1084.46	211
1085.15	229
1085.84	225
1086.53	241
1087.22	241
1087.91	251
1088.6	263
1089.29	239
1089.98	265
1090.67	259
1091.36	271
1092.04	275
1092.73	271
1093.42	289
1094.11	279
1094.8	277
1095.49	285
1096.18	263
1096.87	253
1097.56	269
1098.25	259
1098.94	267
1099.62	257
1100.31	231
1101	221
1101.69	215
1102.38	223
1103.06	219
1103.75	207
1104.44	191
1105.13	201
1105.82	181
1106.5	165
1107.19	169
1107.88	181
1108.57	169
1109.25	167
1109.94	147
1110.63	163
1111.31	159
1112	155
1112.69	153
1113.38	159
1114.06	161
1114.75	163
1115.43	157
1116.12	167
1116.81	151
1117.49	139
1118.18	141
1118.86	159
1119.55	135
1120.24	143
1120.92	127
1121.61	141
1122.29	143
1122.98	139
1123.66	127
1124.35	147
1125.03	133
1125.72	125
1126.41	123
1127.09	129
1127.78	129
1128.46	117
1129.14	111
1129.83	129
1130.51	129
1131.2	123
1131.88	123
1132.57	117
1133.25	129
1133.93	115
1134.62	125
1135.3	119
1135.99	115
1136.67	113
1137.35	117
1138.04	111
1138.72	111
1139.4	105
1140.09	109
1140.77	103
1141.45	101
1142.14	99
1142.82	113
1143.5	109
1144.18	115
1144.87	103
1145.55	111
1146.23	115
1146.91	99
1147.6	101
1148.28	107
1148.96	105
1149.64	99
1150.32	105
1151.01	95
1151.69	99
1152.37	111
1153.05	107
1153.73	103
1154.41	97
1155.09	91
1155.78	99
1156.46	95
1157.14	97
1157.82	97
1158.5	103
1159.18	95
1159.86	87
1160.54	93
1161.22	89
1161.9	93
1162.58	97
1163.26	97
1163.94	95
1164.62	97
1165.3	83
1165.98	99
1166.66	105
1167.34	91
1168.02	89
1168.7	95
1169.38	89
1170.06	93
1170.74	89
1171.42	91
1172.1	89
1172.78	91
1173.46	83
1174.13	83
1174.81	85
1175.49	89
1176.17	93
1176.85	93
1177.53	93
1178.21	95
1178.88	91
1179.56	95
1180.24	87
1180.92	93
1181.6	93
1182.27	87
1182.95	83
1183.63	91
1184.31	87
1184.98	93
1185.66	89
1186.34	83
1187.02	85
1187.69	85
1188.37	77
1189.05	77
1189.72	73
1190.4	67
1191.08	65
1191.75	67
1192.43	77
1193.11	67
1193.78	73
1194.46	73
1195.13	85
1195.81	79
1196.49	75
1197.16	77
1197.84	77
1198.51	85
1199.19	87
1199.86	95
1200.54	89
1201.22	91
1201.89	85
1202.57	91
1203.24	87
1203.92	97
1204.59	87
1205.27	89
1205.94	97
1206.61	91
1207.29	79
1207.96	95
1208.64	89
1209.31	87
1209.99	95
1210.66	95
1211.33	93
1212.01	81
1212.68	91
1213.36	85
1214.03	81
1214.7	87
1215.38	91
1216.05	89
1216.72	97
1217.4	93
1218.07	97
1218.74	101
1219.42	87
1220.09	91
1220.76	97
1221.43	91
1222.11	87
1222.78	85
1223.45	93
1224.12	89
1224.8	93
1225.47	87
1226.14	85
1226.81	91
1227.48	97
1228.16	93
1228.83	93
1229.5	93
1230.17	81
1230.84	91
1231.51	99
1232.18	97
1232.86	87
1233.53	93
1234.2	91
1234.87	89
1235.54	91
1236.21	85
1236.88	91
1237.55	99
1238.22	91
1238.89	99
1239.56	101
1240.23	101
1240.9	97
1241.57	97
1242.24	99
1242.91	105
1243.58	111
1244.25	91
1244.92	93
1245.59	105
1246.26	89
1246.93	99
1247.6	101
1248.27	105
1248.94	99
1249.61	107
1250.28	107
1250.95	103
1251.62	101
1252.28	105
1252.95	95
1253.62	95
1254.29	103
1254.96	105
1255.63	107
1256.29	115
1256.96	111
1257.63	113
1258.3	119
1258.97	113
1259.63	117
1260.3	113
1260.97	119
1261.64	115
1262.3	123
1262.97	113
1263.64	127
1264.31	129
1264.97	125
1265.64	125
1266.31	127
1266.97	135
1267.64	147
1268.31	149
1268.97	153
1269.64	151
1270.31	157
1270.97	155
1271.64	159
1272.3	167
1272.97	165
1273.64	163
1274.3	169
1274.97	163
1275.63	167
1276.3	147
1276.97	161
1277.63	161
1278.3	161
1278.96	149
1279.63	137
1280.29	135
1280.96	139
1281.62	129
1282.29	129
1282.95	137
1283.62	127
1284.28	123
1284.95	123
1285.61	115
1286.27	129
1286.94	117
1287.6	119
1288.27	115
1288.93	111
1289.59	111
1290.26	103
1290.92	115
1291.58	103
1292.25	111
1292.91	107
1293.58	111
1294.24	109
1294.9	105
1295.56	95
1296.23	111
1296.89	103
1297.55	95
1298.22	95
1298.88	101
1299.54	97
1300.2	113
1300.87	101
1301.53	107
1302.19	99
1302.85	109
1303.52	93
1304.18	103
1304.84	101
1305.5	97
1306.16	107
1306.82	87
1307.49	103
1308.15	99
1308.81	91
1309.47	101
1310.13	91
1310.79	105
1311.45	103
1312.12	107
1312.78	107
1313.44	91
1314.1	99
1314.76	93
1315.42	93
1316.08	89
1316.74	97
1317.4	93
1318.06	95
1318.72	93
1319.38	93
1320.04	97
1320.7	101
1321.36	89
1322.02	95
1322.68	91
1323.34	93
1324	103
1324.66	97
1325.32	93
1325.98	85
1326.64	95
1327.29	93
1327.95	93
1328.61	97
1329.27	97
1329.93	97
1330.59	85
1331.25	99
1331.91	99
1332.56	97
1333.22	99
1333.88	95
1334.54	97
1335.2	93
1335.85	101
1336.51	99
1337.17	101
1337.83	99
1338.49	97
1339.14	95
1339.8	103
1340.46	93
1341.12	99
1341.77	91
1342.43	93
1343.09	97
1343.74	109
1344.4	101
1345.06	97
1345.71	77
1346.37	101
1347.03	91
1347.68	89
1348.34	97
1349	91
1349.65	93
1350.31	107
1350.96	99
1351.62	99
1352.28	91
1352.93	91
1353.59	95
1354.24	95
1354.9	107
1355.55	97
1356.21	93
1356.86	83
1357.52	93
1358.17	95
1358.83	95
1359.48	97
1360.14	103
1360.79	97
1361.45	89
1362.1	97
1362.76	93
1363.41	97
1364.07	95
1364.72	99
1365.37	95
1366.03	91
1366.68	87
1367.34	95
1367.99	103
1368.64	107
1369.3	99
1369.95	89
1370.6	97
1371.26	103
1371.91	113
1372.57	105
1373.22	101
1373.87	105
1374.52	113
1375.18	103
1375.83	109
1376.48	89
1377.14	103
1377.79	103
1378.44	99
1379.09	95
1379.75	97
1380.4	95
1381.05	109
1381.7	95
1382.35	97
1383.01	119
1383.66	109
1384.31	107
1384.96	119
1385.61	111
1386.26	121
1386.91	123
1387.57	111
1388.22	109
1388.87	107
1389.52	103
1390.17	103
1390.82	111
1391.47	105
1392.12	121
1392.77	119
1393.42	101
1394.08	115
1394.73	115
1395.38	115
1396.03	113
1396.68	119
1397.33	123
1397.98	113
1398.63	117
1399.28	111
1399.93	123
1400.58	117
1401.22	119
1401.87	115
1402.52	119
1403.17	113
1403.82	119
1404.47	117
1405.12	123
1405.77	111
1406.42	121
1407.07	121
1407.72	127
1408.36	121
1409.01	125
1409.66	127
1410.31	133
1410.96	123
1411.61	127
1412.25	113
1412.9	127
1413.55	115
1414.2	131
1414.85	127
1415.49	131
1416.14	135
1416.79	123
1417.44	139
1418.08	139
1418.73	127
1419.38	121
1420.03	129
1420.67	131
1421.32	131
1421.97	133
1422.61	143
1423.26	139
1423.91	141
1424.55	139
1425.2	133
1425.85	143
1426.49	141
1427.14	141
1427.79	141
1428.43	141
1429.08	159
1429.72	159
1430.37	151
1431.01	147
1431.66	151
1432.31	161
1432.95	169
1433.6	161
1434.24	175
1434.89	163
1435.53	181
1436.18	179
1436.82	175
1437.47	179
1438.11	167
1438.76	173
1439.4	179
1440.05	197
1440.69	177.127
1441.34	197.024
1441.98	217.224
1442.62	205.652
1443.27	234.61
1443.91	208.416
1444.56	241.156
1445.2	238.151
1445.84	226.002
1446.49	231.771
1447.13	253.113
1447.78	259.952
1448.42	259.085
1449.06	257.114
1449.71	256.345
1450.35	259
1450.99	277.648
1451.64	265.52
1452.28	278.655
1452.92	271.897
1453.56	275.59
1454.21	264.867
1454.85	262.598
1455.49	250.298
1456.14	262.583
1456.78	239.734
1457.42	246.778
1458.06	238.352
1458.7	228.7
1459.35	223.929
1459.99	219.855
1460.63	218.677
1461.27	219.938
1461.91	195.191
1462.56	196.099
1463.2	194.982
1463.84	186.474
1464.48	186.348
1465.12	185.607
1465.76	177.941
1466.41	179.41
1467.05	170.559
1467.69	165.158
1468.33	169.666
1468.97	159.108
1469.61	162.156
1470.25	153.116
1470.89	149.233
1471.53	157.71
1472.17	149.031
1472.81	149.247
1473.45	144.961
1474.09	151.083
1474.73	154.959
1475.37	151.412
1476.01	154.268
1476.65	157.483
1477.29	153.968
1477.93	153.752
1478.57	155.915
1479.21	149.305
1479.85	153.437
1480.49	151.345
1481.13	153.361
1481.77	157.326
1482.41	156.331
1483.05	150.317
1483.69	147.488
1484.33	153.369
1484.97	146.721
1485.6	142.379
1486.24	138.799
1486.88	136.735
1487.52	135.893
1488.16	134.021
1488.8	133.084
1489.44	124.523
1490.07	133.827
1490.71	118.437
1491.35	115.682
1491.99	109.545
1492.63	112.492
1493.26	110.49
1493.9	112.588
1494.54	112.094
1495.18	113.967
1495.81	117.317
1496.45	106.543
1497.09	97.423
1497.73	103.6
1498.36	98.0647
1499	103.206
1499.64	102.097
1500.27	98.441
1500.91	94.9125
1501.55	100.135
1502.18	104.461
1502.82	103.897
1503.46	97.9354
1504.09	103.049
1504.73	102.412
1505.37	98.7052
1505.92	97
1506.55	99
1507.19	99
1507.83	107
1508.47	97
1509.11	101
1509.75	101
1510.39	103
1511.03	83
1511.67	87
1512.31	87
1512.95	85
1513.59	85
1514.23	87
1514.87	91
1515.51	83
1516.14	87
1516.78	85
1517.42	87
1518.06	85
1518.7	85
1519.34	85
1519.98	87
1520.61	81
1521.25	89
1521.89	81
1522.53	71
1523.17	77
1523.8	79
1524.44	89
1525.08	79
1525.72	87
1526.36	75
1526.99	89
1527.63	83
1528.27	87
1528.9	89
1529.54	79
1530.18	67
1530.82	67
1531.45	81
1532.09	71
1532.73	65
1533.36	71
1534	75
1534.64	73
1535.27	69
1535.91	64
1536.54	59
1537.18	53
1537.82	65
1538.45	55
1539.09	69
1539.72	65
1540.36	61
1541	67
1541.63	63
1542.27	51
1542.9	67
1543.54	68
1544.17	69
1544.81	77
1545.44	69
1546.08	65
1546.71	71
1547.35	67
1547.98	71
1548.62	61
1549.25	73
1549.89	59
1550.52	69
1551.16	61
1551.79	61
1552.42	65
1553.06	59
1553.69	61
1554.33	65
1554.96	63
1555.59	57
1556.23	59
1556.86	55
1557.5	49
1558.13	55
1558.76	59
1559.4	57
1560.03	57
1560.66	55
1561.3	67
1561.93	47
1562.56	53
1563.19	63
1563.83	55
1564.46	53
1565.09	49
1565.73	41
1566.36	45
1566.99	39
1567.62	43
1568.25	45
1568.89	55
1569.52	41
1570.15	47
1570.78	47
1571.41	55
1572.05	59
1572.68	55
1573.31	51
1573.94	57
1574.57	49
1575.2	53
1575.84	53
1576.47	51
1577.1	47
1577.73	39
1578.36	51
1578.99	39
1579.62	41
1580.25	31
1580.88	39
1581.51	39
1582.15	41
1582.78	45
1583.41	43
1584.04	45
1584.67	47
1585.3	49
1585.93	47
1586.56	49
1587.19	41
1587.82	47
1588.45	39
1589.07	37
1589.7	35
1590.33	37
1590.96	47
1591.59	37
1592.22	43
1592.85	43
1593.48	47
1594.11	43
1594.74	47
1595.37	41
1596	59
1596.63	53
1597.25	47
1597.88	41
1598.51	49
1599.14	43
1599.77	53
1600.4	43
1601.02	47
1601.65	51
1602.28	49
1602.91	47
1603.54	47
1604.16	53
1604.79	51
1605.42	41
1606.05	39
1606.67	43
1607.3	39
1607.93	39
1608.56	37
1609.18	41
1609.81	35
1610.44	35
1611.06	33
1611.69	33
1612.32	39
1612.94	33
1613.57	35
1614.2	35
1614.82	37
1615.45	41
1616.08	45
1616.7	47
1617.33	45
1617.96	43
1618.58	51
1619.21	45
1619.83	53
1620.46	57
1621.08	51
1621.71	43
1622.34	43
1622.96	47
1623.59	45
1624.21	43
1624.84	39
1625.46	41
1626.09	39
1626.71	35
1627.34	39
1627.96	39
1628.59	45
1629.21	37
1629.84	39
1630.46	29
1631.08	35
1631.71	29
1632.33	35
1632.96	39
1633.58	37
1634.21	35
1634.83	31
1635.45	41
1636.08	37
1636.7	37
1637.33	39
1637.95	37
1638.57	41
1639.2	33
1639.82	37
1640.44	37
1641.07	39
1641.69	39
1642.31	41
1642.93	33
1643.56	33
1644.18	35
1644.8	41
1645.43	33
1646.05	33
1646.67	47
1647.29	37
1647.91	37
1648.54	37
1649.16	39
1649.78	39
1650.4	37
1651.03	31
1651.65	45
1652.27	33
1652.89	39
1653.51	33
1654.13	25
1654.76	31
1655.38	37
1656	31
1656.62	31
1657.24	43
1657.86	35
1658.48	47
1659.1	31
1659.72	37
1660.35	45
1660.97	37
1661.59	41
1662.21	41
1662.83	37
1663.45	39
1664.07	35
1664.69	43
1665.31	45
1665.93	51
1666.55	49
1667.17	41
1667.79	47
1668.41	51
1669.03	57
1669.65	55
1670.27	57
1670.89	51
1671.51	51
1672.13	47
1672.75	49
1673.37	49
1673.98	39
1674.6	47
1675.22	39
1675.84	37
1676.46	43
1677.08	45
1677.7	45
1678.32	39
1678.93	37
1679.55	49
1680.17	47
1680.79	53
1681.41	49
1682.02	49
1682.64	47
1683.26	45
1683.88	51
1684.5	49
1685.11	49
1685.73	45
1686.35	43
1686.97	45
1687.58	39
1688.2	45
1688.82	45
1689.44	43
1690.05	43
1690.67	39
1691.29	45
1691.9	37
1692.52	43
1693.14	45
1693.76	49
1694.37	55
1694.99	47
1695.6	45
1696.22	47
1696.84	43
1697.45	37
1698.07	39
1698.69	35
1699.3	35
1699.92	37
1700.53	33
1701.15	37
1701.76	35
1702.38	33
1702.99	43
1703.61	37
1704.23	41
1704.84	37
1705.46	31
1706.07	37
1706.69	35
1707.3	43
1707.92	39
1708.53	37
1709.15	37
1709.76	33
1710.38	31
1710.99	33
1711.6	33
1712.22	25
1712.83	29
1713.45	31
1714.06	25
1714.68	37
1715.29	41
1715.9	39
1716.52	37
1717.13	29
1717.74	41
1718.36	37
1718.97	35
1719.58	45
1720.2	33
1720.81	45
1721.42	35
1722.04	35
1722.65	27
1723.26	29
1723.88	27
1724.49	27
1725.1	31
1725.72	31
1726.33	45
1726.94	33
1727.55	39
1728.17	41
1728.78	35
1729.39	37
1730	41
1730.61	35
1731.23	33
1731.84	31
1732.45	35
1733.06	35
1733.67	31
1734.29	35
1734.9	37
1735.51	33
1736.12	35
1736.73	39
1737.34	31
1737.95	29
1738.56	31
1739.17	31
1739.79	33
1740.4	37
1741.01	35
1741.62	31
1742.23	29
1742.84	43
1743.45	35
1744.06	33
1744.67	33
1745.28	41
1745.89	27
1746.5	31
1747.11	33
1747.72	29
1748.33	35
1748.94	35
1749.55	31
1750.16	39
1750.77	37
1751.38	39
1751.99	35
1752.6	33
1753.21	35
1753.82	33
1754.43	31
1755.04	31
1755.64	23
1756.25	35
1756.86	33
1757.47	37
1758.08	29
1758.69	37
1759.3	39
1759.91	39
1760.51	33
1761.12	43
1761.73	39
1762.34	35
1762.95	39
1763.55	37
1764.16	37
1764.77	29
1765.38	31
1765.99	33
1766.59	29
1767.2	29
1767.81	27
1768.42	31
1769.02	27
1769.63	31
1770.24	29
1770.84	31
1771.45	27
1772.06	35
1772.67	27
1773.27	37
1773.88	39
1774.49	37
1775.09	35
1775.7	37
1776.31	35
1776.91	35
1777.52	35
1778.12	33
1778.73	39
1779.34	33
1779.94	31
1780.55	21
1781.15	33
1781.76	23
1782.36	27
1782.97	25
1783.58	27
1784.18	23
1784.79	23
1785.39	19
1786	25
1786.6	27
1787.21	29
1787.81	27
1788.42	27
1789.02	27
1789.63	23
1790.23	19
1790.84	31
1791.44	33
1792.05	31
1792.65	33
1793.26	33
1793.86	35
1794.46	37
1795.07	35
1795.67	27
1796.28	37
1796.88	35
1797.48	29
1798.09	31
1798.69	33
1799.29	31
1799.9	33
1800.5	29
1801.1	33
1801.71	33
1802.31	37
1802.91	31
1803.52	33
1804.12	33
1804.72	37
1805.33	31
1805.93	29
1806.53	33
1807.13	23
1807.74	31
1808.34	25
1808.94	29
1809.54	23
1810.15	29
1810.75	29
1811.35	21
1811.95	25
1812.55	25
1813.16	23
1813.76	23
1814.36	31
1814.96	25
1815.56	35
1816.17	31
1816.77	23
1817.37	33
1817.97	37
1818.57	31
1819.17	25
1819.77	31
1820.37	31
1820.97	33
1821.57	27
1822.18	33
1822.78	31
1823.38	27
1823.98	33
1824.58	35
1825.18	41
1825.78	33
1826.38	27
1826.98	29
1827.58	35
1828.18	31
1828.78	31
1829.38	37
1829.98	29
1830.58	27
1831.18	23
1831.78	25
1832.38	25
1832.98	25
1833.58	23
1834.18	29
1834.78	29
1835.37	23
1835.97	27
1836.57	15
1837.17	25
1837.77	25
1838.37	23
1838.97	25
1839.57	29
1840.16	27
1840.76	31
1841.36	33
1841.96	31
1842.56	33
1843.16	23
1843.75	33
1844.35	35
1844.95	31
1845.55	35
1846.15	31
1846.74	35
1847.34	32
1847.94	29
1848.54	23
1849.13	27
1849.73	33
1850.33	31
1850.93	37
1851.52	43
1852.12	41
1852.72	35
1853.31	41
1853.91	35
1854.51	37
1855.1	41
1855.7	33
1856.3	37
1856.89	39
1857.49	37
1858.09	31
1858.68	31
1859.28	33
1859.88	35
1860.47	39
1861.07	35
1861.66	39
1862.26	31
1862.86	35
1863.45	29
1864.05	33
1864.64	31
1865.24	29
1865.83	39
1866.43	39
1867.02	41
1867.62	37
1868.21	43
1868.81	43
1869.4	41
1870	45
1870.59	43
1871.19	37
1871.78	37
1872.38	41
1872.97	39
1873.57	39
1874.16	33
1874.76	31
1875.35	35
1875.94	31
1876.54	29
1877.13	33
1877.73	37
1878.32	35
1878.91	29
1879.51	37
1880.1	27
1880.69	35
1881.29	37
1881.88	35
1882.48	29
1883.07	29
1883.66	23
1884.25	29
1884.85	29
1885.44	39
1886.03	31
1886.63	33
1887.22	31
1887.81	35
1888.41	33
1889	33
1889.59	35
1890.18	41
1890.77	33
1891.37	43
1891.96	33
1892.55	39
1893.14	35
1893.74	39
1894.33	43
1894.92	45
1895.51	41
1896.1	39
1896.69	33
1897.29	33
1897.88	41
1898.47	39
1899.06	33
1899.65	37
1900.24	35
1900.83	41
1901.42	37
1902.02	37
1902.61	35
1903.2	37
1903.79	31
1904.38	29
1904.97	37
1905.56	27
1906.15	35
1906.74	37
1907.33	31
1907.92	31
1908.51	31
1909.1	41
1909.69	35
1910.28	31
1910.87	35
1911.46	29
1912.05	33
1912.64	25
1913.23	33
1913.82	29
1914.41	29
1915	31
1915.59	27
1916.18	33
1916.77	29
1917.36	29
1917.94	21
1918.53	33
1919.12	29
1919.71	27
1920.3	29
1920.89	23
1921.48	31
1922.07	31
1922.65	39
1923.24	29
1923.83	35
1924.42	29
1925.01	29
1925.59	31
1926.18	31
1926.77	31
1927.36	27
1927.95	37
1928.53	25
1929.12	33
1929.71	31
1930.3	31
1930.88	33
1931.47	27
1932.06	33
1932.65	29
1933.23	31
1933.82	31
1934.41	33
1934.99	33
1935.58	31
1936.17	35
1936.75	35
1937.34	23
1937.93	25
1938.51	27
1939.1	23
1939.69	25
1940.27	27
1940.86	33
1941.45	35
1942.03	31
1942.62	27
1943.2	29
1943.79	35
1944.38	31
1944.96	33
1945.55	33
1946.13	29
1946.72	25
1947.3	37
1947.89	33
1948.47	27
1949.06	29
1949.64	27
1950.23	29
1950.81	29
1951.4	33
1951.98	27
1952.57	27
1953.15	25
1953.74	31
1954.32	29
1954.91	27
1955.49	29
1956.08	27
1956.66	23
1957.24	27
1957.83	17
1958.41	25
1959	33
1959.58	23
1960.16	23
1960.75	27
1961.33	25
1961.92	33
1962.5	17
1963.08	25
1963.67	23
1964.25	29
1964.83	21
1965.42	25
1966	23
1966.58	25
1967.16	25
1967.75	21
1968.33	23
1968.91	23
1969.5	27
1970.08	19
1970.66	21
1971.24	25
1971.83	17
1972.41	29
1972.99	21
1973.57	21
1974.16	25
1974.74	19
1975.32	15
1975.9	25
1976.48	19
1977.07	23
1977.65	19
1978.23	25
1978.81	25
1979.39	21
1979.97	19
1980.55	25
1981.14	23
1981.72	21
1982.3	23
1982.88	19
1983.46	21
1984.04	17
1984.62	19
1985.2	19
1985.78	25
1986.36	17
1986.94	17
1987.53	21
1988.11	25
1988.69	21
1989.27	23
1989.85	23
1990.43	23
1991.01	21
1991.59	21
1992.17	17
1992.75	13
1993.33	19
1993.91	19
1994.49	21
1995.07	21
1995.64	21
1996.22	23
1996.8	21
1997.38	19
1997.96	19
1998.54	23
1999.12	25
1999.7	21
2000.28	19
2000.86	21
2001.44	25
2002.02	13
2002.59	23
2003.17	25
2003.75	21
2004.33	17
2004.91	17
2005.49	21
2006.06	21
2006.64	16.9946
2007.22	16.9463
2007.8	23.0417
2008.38	21.0587
2008.95	22.8821
2009.53	20.7473
2010.11	20.5542
2010.69	19.109
2011.27	15.17
2011.84	20.6437
2012.42	18.9751
2013	11.7417
2013.58	20.9734
2014.15	17.2968
2014.73	14.133
2015.31	25.787
2015.88	14.3467
2016.46	22.9213
2017.04	13.74
2017.61	20.1954
2018.19	18.2276
2018.77	20.57
2019.34	17.4097
2019.92	18.0782
2020.5	17
2021.07	21.4429
2021.65	14.4803
2022.23	16.466
2022.8	20.4252
2023.38	21.23
2023.95	18.39
2024.53	17.7461
2025.11	20.3296
2025.68	21.0054
2026.26	21.6
2026.83	13.1541
2027.41	17.13
2027.99	15.8207
2028.56	22.8771
2029.14	14.2537
2029.71	20.19
2030.29	20.5692
2030.86	17.7841
2031.44	21.5926
2032.01	21.1393
2032.59	19.823
2033.16	20.6368
2033.74	14.1534
2034.31	17.9784
2034.89	19.6309
2035.46	18.03
2036.04	21.893
2036.61	18.4391
2037.19	20.5028
2037.76	21.3182
2038.33	18.9547
2038.91	18.8883
2039.48	19.1963
2040.06	15.2797
2040.63	18.5098
2041.2	17.6482
2041.78	19.5497
2042.35	17.9976
2042.93	21.2912
2043.5	21.5522
2044.07	20.6686
2044.65	19.67
2045.22	19
2045.79	16.5002
2046.37	16.3176
2046.94	20.4166
2047.51	16.3066
2048.09	16.0673
2048.66	21.2794
2049.23	19.7678
2049.81	17.3859
2050.38	18.5883
2050.95	19
2051.52	19.86
2052.1	18.59
2052.67	19
2053.24	18.63
2053.81	17.1247
2054.39	18.2221
2054.96	17.8822
2055.53	16.46
2056.1	14.6874
2056.68	17.125
2057.25	18.1042
2057.82	19.4638
2058.39	19.6815
2058.96	17.3601
2059.53	17
2060.11	18.6506
2060.68	21.0407
2061.25	20.6485
2061.82	20.0609
2062.39	17.5576
2062.96	16.2205
2063.54	18.1499
2063.78	19
2064.36	19
2064.93	17
2065.51	17
2066.08	15
2066.66	13
2067.23	21
2067.81	23
2068.38	17
2068.95	11
2069.53	23
2070.1	19
2070.68	19
2071.25	11
2071.82	21
2072.4	19
2072.97	13
2073.55	19
2074.12	17
2074.69	21
2075.27	17
2075.84	17
2076.41	19
2076.99	21
2077.56	21
2078.13	19
2078.71	17
2079.28	19
2079.85	19
2080.42	13
2081	21
2081.57	23
2082.14	15
2082.72	21
2083.29	17
2083.86	25
2084.43	23
2085.01	21
2085.58	19
2086.15	25
2086.72	21
2087.29	23
2087.87	21
2088.44	21
2089.01	21
2089.58	27
2090.15	19
2090.72	23
2091.3	29
2091.87	25
2092.44	21
2093.01	19
2093.58	21
2094.15	25
2094.72	27
2095.29	21
2095.87	25
2096.44	21
2097.01	19
2097.58	23
2098.15	19
2098.72	23
2099.29	23
2099.86	17
2100.43	17
2101	19
2101.57	21
2102.14	21
2102.71	25
2103.28	25
2103.85	21
2104.42	21
2104.99	17
2105.56	15
2106.13	23
2106.7	25
2107.27	23
2107.84	17
2108.41	21
2108.98	19
2109.55	15
2110.12	19
2110.69	11
2111.26	17
2111.83	19
2112.4	23
2112.97	25
2113.53	25
2114.1	23
2114.67	19
2115.24	23
2115.81	21
2116.38	25
2116.95	17
2117.51	19
2118.08	17
2118.65	19
2119.22	21
2119.79	19
2120.36	21
2120.92	15
2121.49	21
2122.06	19
2122.63	23
2123.2	25
2123.76	21
2124.33	21
2124.9	19
2125.47	21
2126.03	21
2126.6	21
2127.17	19
2127.73	19
2128.3	15
2128.87	19
2129.44	19
2130	17
2130.57	19
2131.14	15
2131.7	25
2132.27	15
2132.84	19
2133.4	19
2133.97	21
2134.54	23
2135.1	25
2135.67	21
2136.23	17
2136.8	19
2137.37	21
2137.93	25
2138.5	25
2139.06	25
2139.63	19
2140.2	19
2140.76	23
2141.33	19
2141.89	21
2142.46	11
2143.02	27
2143.59	17
2144.15	23
2144.72	19
2145.29	19
2145.85	15
2146.42	23
2146.98	13
2147.54	17
2148.11	17
2148.67	19
2149.24	27
2149.8	21
2150.37	17
2150.93	25
2151.5	21
2152.06	13
2152.63	21
2153.19	23
2153.75	21
2154.32	21
2154.88	23
2155.45	21
2156.01	25
2156.57	15
2157.14	19
2157.7	15
2158.26	17
2158.83	15
2159.39	15
2159.95	17
2160.52	25
2161.08	25
2161.64	21
2162.21	21
2162.77	21
2163.33	19
2163.9	15
2164.46	17
2165.02	17
2165.58	17
2166.15	21
2166.71	21
2167.27	19
2167.83	23
2168.4	25
2168.96	19
2169.52	23
2170.08	19
2170.65	23
2171.21	23
2171.77	19
2172.33	21
2172.89	21
2173.46	19
2174.02	21
2174.58	17
2175.14	17
2175.7	23
2176.26	17
2176.82	21
2177.39	19
2177.95	21
2178.51	21
2179.07	23
2179.63	15
2180.19	25
2180.75	19
2181.31	23
2181.87	21
2182.43	21
2183	17
2183.56	21
2184.12	23
2184.68	11
2185.24	21
2185.8	23
2186.36	15
2186.92	23
2187.48	17
2188.04	21
2188.6	21
2189.16	23
2189.72	19
2190.28	17
2190.84	23
2191.4	19
2191.96	19
2192.52	17
2193.08	19
2193.63	19
2194.19	11
2194.75	21
2195.31	23
2195.87	19
2196.43	25
2196.99	19
2197.55	23
2198.11	25
2198.67	21
2199.22	25
2199.78	17
2200.34	23
2200.9	19
2201.46	17
2202.02	15
2202.58	21
2203.13	23
2203.69	21
2204.25	15
2204.81	23
2205.37	15
2205.92	23
2206.48	15
2207.04	19
2207.6	19
2208.16	19
2208.71	23
2209.27	15
2209.83	21
2210.39	11
2210.94	17
2211.5	21
2212.06	15
2212.61	21
2213.17	25
2213.73	21
2214.29	21
2214.84	21
2215.4	23
2215.96	23
2216.51	17
2217.07	21
2217.63	23
2218.18	19
2218.74	17
2219.29	21
2219.85	21
2220.41	25
2220.96	17
2221.52	25
2222.07	21
2222.63	23
2223.19	17
2223.74	19
2224.3	23
2224.85	23
2225.41	21
2225.97	25
2226.52	17
2227.08	21
2227.63	21
2228.19	19
2228.74	17
2229.3	21
2229.85	23
2230.41	21
2230.96	17
2231.52	19
2232.07	19
2232.63	19
2233.18	9
2233.74	15
2234.29	23
2234.84	15
2235.4	17
2235.95	19
2236.51	21
2237.06	23
2237.62	25
2238.17	19
2238.72	19
2239.28	23
2239.83	23
2240.39	21
2240.94	25
2241.49	15
2242.05	23
2242.6	17
2243.15	21
2243.71	23
2244.26	23
2244.81	23
2245.37	17
2245.92	25
2246.47	25
2247.03	17
2247.58	15
2248.13	21
2248.69	19
2249.24	21
2249.79	21
2250.34	21
2250.9	23
2251.45	19
2252	23
2252.55	21
2253.11	15
2253.66	17
2254.21	19
2254.76	21
2255.31	15
2255.87	25
2256.42	19
2256.97	21
2257.52	23
2258.07	21
2258.63	17
2259.18	21
2259.73	19
2260.28	19
2260.83	19
2261.38	19
2261.93	23
2262.49	13
2263.04	23
2263.59	23
2264.14	17
2264.69	17
2265.24	25
2265.79	17
2266.34	23
2266.89	23
2267.44	17
2267.99	27
2268.54	21
2269.09	19
2269.65	21
2270.2	21
2270.75	19
2271.3	19
2271.85	13
2272.4	21
2272.95	19
2273.5	19
2274.05	21
2274.6	23
2275.15	25
2275.69	21
2276.24	21
2276.79	19
2277.34	19
2277.89	23
2278.44	21
2278.99	25
2279.54	21
2280.09	23
2280.64	17
2281.19	23
2281.74	23
2282.29	15
2282.83	19
2283.38	19
2283.93	21
2284.48	21
2285.03	21
2285.58	19
2286.13	11
2286.67	19
2287.22	19
2287.77	25
2288.32	17
2288.87	21
2289.42	23
2289.96	21
2290.51	23
2291.06	17
2291.61	25
2292.15	25
2292.7	29
2293.25	23
2293.8	25
2294.34	19
2294.89	21
2295.44	23
2295.99	23
2296.53	21
2297.08	23
2297.63	19
2298.18	23
2298.72	15
2299.27	21
2299.82	21
2300.36	17
2300.91	19
2301.46	19
2302	21
2302.55	17
2303.09	23
2303.64	19
2304.19	23
2304.73	19
2305.28	19
2305.83	15
2306.37	13
2306.92	15
2307.46	19
2308.01	19
2308.56	17
2309.1	19
2309.65	23
2310.19	19
2310.74	17
2311.28	23
2311.83	19
2312.37	19
2312.92	15
2313.46	21
2314.01	19
2314.55	21
2315.1	19
2315.64	25
2316.19	23
2316.73	19
2317.28	21
2317.82	19
2318.37	19
2318.91	13
2319.46	25
2320	17
2320.55	21
2321.09	23
2321.63	25
2322.18	19
2322.72	19
2323.27	29
2323.81	21
2324.35	21
2324.9	23
2325.44	21
2325.99	19
2326.53	25
2327.07	11
2327.62	21
2328.16	23
2328.7	17
2329.25	19
2329.79	23
2330.33	21
2330.88	23
2331.42	17
2331.96	19
2332.51	19
2333.05	19
2333.59	29
2334.13	19
2334.68	23
2335.22	21
2335.76	21
2336.3	29
2336.85	19
2337.39	21
2337.93	21
2338.47	21
2339.02	19
2339.56	27
2340.1	17
2340.64	17
2341.18	21
2341.73	19
2342.27	25
2342.81	27
2343.35	13
2343.89	19
2344.43	21
2344.98	21
2345.52	23
2346.06	13
2346.6	13
2347.14	17
2347.68	17
2348.22	13
2348.76	21
2349.3	15
2349.85	17
2350.39	15
2350.93	25
2351.47	27
2352.01	21
2352.55	21
2353.09	23
2353.63	19
2354.17	23
2354.71	23
2355.25	19
2355.79	25
2356.33	23
2356.87	27
2357.41	27
2357.95	25
2358.49	23
2359.03	23
2359.57	21
2360.11	17
2360.65	23
2361.19	15
2361.73	23
2362.27	19
2362.81	25
2363.35	23
2363.89	23
2364.43	19
2364.97	21
2365.5	21
2366.04	21
2366.58	21
2367.12	25
2367.66	21
2368.2	25
2368.74	21
2369.28	17
2369.81	21
2370.35	25
2370.89	21
2371.43	21
2371.97	21
2372.51	21
2373.04	23
2373.58	19
2374.12	21
2374.66	17
2375.2	21
2375.73	19
2376.27	25
2376.81	21
2377.35	17
2377.89	19
2378.42	23
2378.96	21
2379.5	25
2380.03	25
2380.57	21
2381.11	19
2381.65	19
2382.18	25
2382.72	23
2383.26	19
2383.79	23
2384.33	23
2384.87	19
2385.4	17
2385.94	15
2386.48	19
2387.01	23
2387.55	17
2388.09	25
2388.62	25
2389.16	19
2389.7	15
2390.23	21
2390.77	21
2391.3	21
2391.84	19
2392.38	17
2392.91	21
2393.45	21
2393.98	23
2394.52	25
2395.05	21
2395.59	25
2396.13	27
2396.66	27
2397.2	21
2397.73	25
2398.27	21
2398.8	19
2399.34	31
2399.87	27
2400.41	23
2400.94	35
2401.48	27
2402.01	29
2402.55	33
2403.08	25
2403.62	25
2404.15	27
2404.68	25
2405.22	21
2405.75	25
2406.29	27
2406.82	29
2407.36	23
2407.89	19
2408.42	29
2408.96	21
2409.49	29
2410.03	23
2410.56	23
2411.09	25
2411.63	25
2412.16	23
2412.69	25
2413.23	29
2413.76	25
2414.29	19
2414.83	31
2415.36	27
2415.89	23
2416.43	27
2416.96	21
2417.49	25
2418.03	25
2418.56	29
2419.09	27
2419.62	21
2420.16	27
2420.69	31
2421.22	27
2421.75	25
2422.29	31
2422.82	23
2423.35	23
2423.88	31
2424.42	27
2424.95	21
2425.48	29
2426.01	25
2426.54	21
2427.07	19
2427.61	27
2428.14	19
2428.67	23
2429.2	23
2429.73	21
2430.26	23
2430.8	23
2431.33	25
2431.86	31
2432.39	25
2432.92	25
2433.45	33
2433.98	29
2434.51	23
2435.04	27
2435.58	29
2436.11	27
2436.64	33
2437.17	25
2437.7	21
2438.23	25
2438.76	31
2439.29	27
2439.82	23
2440.35	33
2440.88	21
2441.41	33
2441.94	23
2442.47	23
2443	31
2443.53	23
2444.06	19
2444.59	25
2445.12	25
2445.65	27
2446.18	23
2446.71	23
2447.24	27
2447.77	35
2448.3	25
2448.83	29
2449.36	27
2449.88	31
2450.41	23
2450.94	21
2451.47	31
2452	21
2452.53	21
2453.06	27
2453.59	23
2454.12	27
2454.64	23
2455.17	23
2455.7	25
2456.23	23
2456.76	23
2457.29	19
2457.81	21
2458.34	21
2458.87	29
2459.4	19
2459.93	25
2460.45	19
2460.98	25
2461.51	19
2462.04	23
2462.57	23
2463.09	23
2463.62	25
2464.15	27
2464.68	19
2465.2	29
2465.73	23
2466.26	25
2466.78	25
2467.31	17
2467.84	27
2468.37	23
2468.89	23
2469.42	27
2469.95	21
2470.47	25
2471	23
2471.53	29
2472.05	27
2472.58	25
2473.11	17
2473.63	25
2474.16	27
2474.69	27
2475.21	25
2475.74	21
2476.26	25
2476.79	25
2477.32	25
2477.84	23
2478.37	23
2478.89	25
2479.42	21
2479.94	27
2480.47	27
2481	23
2481.52	25
2482.05	29
2482.57	29
2483.1	21
2483.62	27
2484.15	27
2484.67	23
2485.2	23
2485.72	13
2486.25	23
2486.77	19
2487.3	25
2487.82	23
2488.35	21
2488.87	19
2489.39	27
2489.92	25
2490.44	23
2490.97	19
2491.49	27
2492.02	27
2492.54	27
2493.06	23
2493.59	19
2494.11	21
2494.64	23
2495.16	25
2495.68	21
2496.21	25
2496.73	21
2497.26	21
2497.78	27
2498.3	31
2498.83	27
2499.35	27
2499.87	27
2500.4	23
2500.92	25
2501.44	21
2501.97	27
2502.49	27
2503.01	31
2503.53	23
2504.06	19
2504.58	25
2505.1	25
2505.63	27
2506.15	23
2506.67	17
2507.19	23
2507.71	27
2508.24	21
2508.76	25
2509.28	23
2509.8	27
2510.33	23
2510.85	27
2511.37	15
2511.89	23
2512.41	27
2512.94	23
2513.46	23
2513.98	17
2514.5	21.0015
2515.02	24.9728
2515.54	25.0578
2516.06	21.1927
2516.59	23.1595
2517.11	21.1921
2517.63	30.6961
2518.15	23.2027
2518.67	23.2092
2519.19	22.9319
2519.71	22.9419
2520.23	26.695
2520.75	28.5196
2521.28	26.8139
2521.8	26.053
2522.32	24.4967
2522.84	22.2494
2523.36	22.186
2523.88	19.4744
2524.4	23
2524.92	21.5208
2525.44	22.0873
2525.96	20.9558
2526.48	21.9216
2527	24.6108
2527.52	25.66
2528.04	28.598
2528.56	21.9466
2529.08	25.843
2529.6	26.1457
2530.12	24.3598
2530.64	22.632
2531.16	22.8719
2531.68	22.8602
2532.2	19.2568
2532.72	19.3309
2533.24	18.7082
2533.76	24.7245
2534.28	21.1368
2534.79	24.0908
2535.31	19.2548
2535.83	27.0462
2536.35	23.8333
2536.87	25
2537.39	24.8758
2537.91	24.7156
2538.43	27.2061
2538.95	25.9314
2539.47	27
2539.98	26.078
2540.5	28.482
2541.02	24.1475
2541.54	28.7296
2542.06	23.2546
2542.58	26.8876
2543.09	24.9016
2543.61	26.1064
2544.13	29.0572
2544.65	25.12
2545.17	29.8333
2545.69	26.5126
2546.2	27.6753
2546.72	22.7458
2547.24	29.8591
2547.76	25.189
2548.27	23.1658
2548.79	25
2549.31	26.3155
2549.83	25.6993
2550.34	24.3492
2550.86	24.9647
2551.38	25.7579
2551.9	23.4748
2552.41	25.4291
2552.93	26.9253
2553.45	25.6061
2553.96	24.595
2554.48	27.2372
2555	26.1578
2555.51	23.1308
2556.03	24.2647
2556.55	24.8445
2557.06	22.7851
2557.58	21.1793
2558.1	27.4543
2558.61	19.824
2559.13	26.6894
2559.65	26.6633
2560.16	25.5117
2560.68	22.7706
2561.2	24.7237
2561.71	26.2976
2562.23	27.5588
2562.74	26.5
2563.26	27.1471
2563.78	27.1275
2564.29	27
2564.81	30.0551
2565.32	26.4743
2565.84	28.1155
2566.35	24.3988
2566.87	27.5911
2566.99	29
2567.51	29
2568.03	17
2568.54	35
2569.06	23
2569.58	25
2570.1	17
2570.62	25
2571.14	23
2571.65	23
2572.17	25
2572.69	27
2573.21	35
2573.73	25
2574.25	23
2574.76	25
2575.28	25
2575.8	29
2576.32	19
2576.83	25
2577.35	23
2577.87	29
2578.39	25
2578.91	21
2579.42	23
2579.94	25
2580.46	25
2580.98	25
2581.49	19
2582.01	23
2582.53	29
2583.04	21
2583.56	29
2584.08	23
2584.59	27
2585.11	25
2585.63	35
2586.14	25
2586.66	27
2587.18	25
2587.69	25
2588.21	21
2588.73	27
2589.24	25
2589.76	19
2590.28	27
2590.79	27
2591.31	28
2591.82	29
2592.34	35
2592.86	25
2593.37	29
2593.89	33
2594.4	29
2594.92	25
2595.43	23
2595.95	23
2596.47	29
2596.98	25
2597.5	24
2598.01	23
2598.53	31
2599.04	21
2599.56	23
2600.07	27
2600.59	21
2601.1	27
2601.62	27
2602.13	21
2602.65	25
2603.16	29
2603.68	27
2604.19	23
2604.71	25
2605.22	19
2605.74	25
2606.25	23
2606.76	17
2607.28	27
2607.79	21
2608.31	29
2608.82	17
2609.33	27
2609.85	23
2610.36	27
2610.88	23
2611.39	27
2611.9	27
2612.42	25
2612.93	23
2613.44	23
2613.96	31
2614.47	33
2614.99	27
2615.5	21
2616.01	17
2616.53	21
2617.04	23
2617.55	29
2618.06	27
2618.58	23
2619.09	25
2619.6	25
2620.12	29
2620.63	25
2621.14	25
2621.65	23
2622.17	25
2622.68	25
2623.19	21
2623.7	29
2624.22	25
2624.73	31
2625.24	31
2625.75	27
2626.27	23
2626.78	21
2627.29	27
2627.8	23
2628.31	23
2628.83	27
2629.34	29
2629.85	19
2630.36	23
2630.87	23
2631.38	23
2631.89	25
2632.41	25
2632.92	21
2633.43	23
2633.94	25
2634.45	21
2634.96	23
2635.47	21
2635.98	27
2636.5	25
2637.01	25
2637.52	21
2638.03	23
2638.54	21
2639.05	29
2639.56	23
2640.07	29
2640.58	25
2641.09	29
2641.6	29
2642.11	33
2642.62	29
2643.13	29
2643.64	23
2644.15	29
2644.66	25
2645.17	27
2645.68	31
2646.19	27
2646.7	27
2647.21	25
2647.72	27
2648.23	27
2648.74	25
2649.25	27
2649.76	21
2650.27	23
2650.78	29
2651.29	23
2651.8	29
2652.31	25
2652.81	21
2653.32	29
2653.83	23
2654.34	29
2654.85	27
2655.36	25
2655.87	21
2656.38	33
2656.89	29
2657.39	21
2657.9	19
2658.41	23
2658.92	21
2659.43	31
2659.94	29
2660.44	27
2660.95	29
2661.46	21
2661.97	17
2662.48	27
2662.98	25
2663.49	27
2664	29
2664.51	27
2665.02	27
2665.52	27
2666.03	23
2666.54	31
2667.05	27
2667.55	25
2668.06	23
2668.57	23
2669.07	27
2669.58	27
2670.09	31
2670.6	27
2671.1	29
2671.61	31
2672.12	27
2672.62	25
2673.13	27
2673.64	29
2674.14	23
2674.65	25
2675.16	29
2675.66	27
2676.17	31
2676.68	25
2677.18	31
2677.69	25
2678.19	31
2678.7	25
2679.21	23
2679.71	27
2680.22	25
2680.72	33
2681.23	25
2681.74	31
2682.24	33
2682.75	25
2683.25	27
2683.76	27
2684.26	37
2684.77	33
2685.28	25
2685.78	27
2686.29	23
2686.79	27
2687.3	33
2687.8	29
2688.31	27
2688.81	33
2689.32	33
2689.82	29
2690.33	33
2690.83	35
2691.34	29
2691.84	29
2692.34	33
2692.85	29
2693.35	27
2693.86	29
2694.36	33
2694.87	23
2695.37	37
2695.88	29
2696.38	31
2696.88	31
2697.39	35
2697.89	37
2698.4	31
2698.9	33
2699.4	37
2699.91	35
2700.41	31
2700.91	33
2701.42	29
2701.92	33
2702.42	39
2702.93	35
2703.43	29
2703.93	35
2704.44	37
2704.94	39
2705.44	37
2705.95	37
2706.45	41
2706.95	33
2707.46	43
2707.96	39
2708.46	35
2708.96	35
2709.47	29
2709.97	41
2710.47	33
2710.97	43
2711.48	39
2711.98	39
2712.48	43
2712.98	41
2713.49	31
2713.99	29
2714.49	31
2714.99	39
2715.49	43
2716	31
2716.5	35
2717	39
2717.5	39
2718	37
2718.5	33
2719.01	43
2719.51	35
2720.01	39
2720.51	31
2721.01	35
2721.51	35
2722.01	31
2722.52	39
2723.02	35
2723.52	33
2724.02	37
2724.52	37
2725.02	33
2725.52	35
2726.02	37
2726.52	39
2727.02	41
2727.52	35
2728.02	37
2728.52	41
2729.02	35
2729.53	37
2730.03	35
2730.53	41
2731.03	31
2731.53	35
2732.03	35
2732.53	27
2733.03	33
2733.53	33
2734.03	33
2734.53	37
2735.02	27
2735.52	29
2736.02	35
2736.52	33
2737.02	33
2737.52	35
2738.02	41
2738.52	31
2739.02	39
2739.52	37
2740.02	31
2740.52	31
2741.02	31
2741.52	37
2742.02	35
2742.51	33
2743.01	25
2743.51	39
2744.01	31
2744.51	35
2745.01	25
2745.51	31
2746	31
2746.5	33
2747	37
2747.5	29
2748	33
2748.5	35
2748.99	35
2749.49	37
2749.99	31
2750.49	31
2750.99	31
2751.48	29
2751.98	31
2752.48	33
2752.98	29
2753.48	33
2753.97	27
2754.47	29
2754.97	31
2755.47	33
2755.96	37
2756.46	33
2756.96	29
2757.45	35
2757.95	25
2758.45	25
2758.95	29
2759.44	29
2759.94	27
2760.44	29
2760.93	31
2761.43	35
2761.93	33
2762.42	33
2762.92	33
2763.42	35
2763.91	33
2764.41	23
2764.91	35
2765.4	29
2765.9	29
2766.39	31
2766.89	27
2767.39	33
2767.88	27
2768.38	29
2768.87	33
2769.37	29
2769.87	29
2770.36	29
2770.86	27
2771.35	29
2771.85	37
2772.34	25
2772.84	31
2773.33	31
2773.83	35
2774.33	33
2774.82	31
2775.32	31
2775.81	27
2776.31	33
2776.8	31
2777.3	31
2777.79	33
2778.29	31
2778.78	29
2779.27	29
2779.77	31
2780.26	29
2780.76	31
2781.25	27
2781.75	35
2782.24	29
2782.74	29
2783.23	33
2783.72	31
2784.22	27
2784.71	29
2785.21	29
2785.7	29
2786.2	31
2786.69	25
2787.18	31
2787.68	31
2788.17	31
2788.66	33
2789.16	31
2789.65	33
2790.14	27
2790.64	23
2791.13	33
2791.62	31
2792.12	29
2792.61	25
2793.1	27
2793.6	35
2794.09	25
2794.58	31
2795.08	35
2795.57	25
2796.06	33
2796.55	31
2797.05	31
2797.54	21
2798.03	31
2798.53	29
2799.02	31
2799.51	27
2800	33
2800.49	31
2800.99	37
2801.48	29
2801.97	33
2802.46	27
2802.96	29
2803.45	31
2803.94	27
2804.43	37
2804.92	35
2805.41	27
2805.91	33
2806.4	31
2806.89	39
2807.38	31
2807.87	31
2808.36	31
2808.86	33
2809.35	29
2809.84	37
2810.33	27
2810.82	29
2811.31	29
2811.8	29
2812.29	31
2812.78	31
2813.28	29
2813.77	33
2814.26	33
2814.75	27
2815.24	41
2815.73	31
2816.22	33
2816.71	31
2817.2	33
2817.69	33
2818.18	33
2818.67	37
2819.16	35
2819.65	35
2820.14	39
2820.63	33
2821.12	37
2821.61	29
2822.1	41
2822.59	41
2823.08	39
2823.57	41
2824.06	29
2824.55	45
2825.04	33
2825.53	35
2826.02	35
2826.51	35
2827	37
2827.49	39
2827.98	37
2828.47	43
2828.95	37
2829.44	45
2829.93	37
2830.42	41
2830.91	37
2831.4	45
2831.89	39
2832.38	43
2832.86	45
2833.35	41
2833.84	41
2834.33	45
2834.82	45
2835.31	39
2835.8	37
2836.28	45
2836.77	47
2837.26	49
2837.75	39
2838.24	37
2838.72	41
2839.21	41
2839.7	39
2840.19	43
2840.68	39
2841.16	37
2841.65	43
2842.14	49
2842.63	45
2843.11	47
2843.6	47
2844.09	47
2844.58	50
2845.06	51
2845.55	43
2846.04	47
2846.52	45
2847.01	53
2847.5	51
2847.99	39
2848.47	51
2848.96	45
2849.45	57
2849.93	47
2850.42	55
2850.91	51
2851.39	57
2851.88	51
2852.37	43
2852.85	63
2853.34	61
2853.82	57
2854.31	61
2854.8	61
2855.28	55
2855.77	59
2856.26	61
2856.74	57
2857.23	63
2857.71	57
2858.2	65
2858.68	69
2859.17	71
2859.66	71
2860.14	73
2860.63	63
2861.11	75
2861.6	71
2862.08	75
2862.57	81
2863.05	79
2863.54	71
2864.02	77
2864.51	83
2864.99	97
2865.48	75
2865.96	83
2866.45	103
2866.93	81
2867.42	95
2867.9	107
2868.39	105
2868.87	107
2869.36	107
2869.84	112
2870.33	111
2870.81	115
2871.29	121
2871.78	113
2872.26	125
2872.75	125
2873.23	123
2873.72	121
2874.2	129
2874.68	125
2875.17	137
2875.65	127
2876.14	123
2876.62	127
2877.1	133
2877.59	117
2878.07	135
2878.55	123
2879.04	127
2879.52	121
2880	121
2880.49	133
2880.97	127
2881.45	135
2881.94	125
2882.42	117
2882.9	125
2883.39	115
2883.87	127
2884.35	123
2884.83	125
2885.32	125
2885.8	117
2886.28	123
2886.76	117
2887.25	111
2887.73	113
2888.21	99
2888.69	119
2889.18	103
2889.66	111
2890.14	125
2890.62	101
2891.11	113
2891.59	107
2892.07	113
2892.55	111
2893.03	97
2893.51	109
2894	115
2894.48	105
2894.96	105
2895.44	105
2895.92	101
2896.4	101
2896.89	101
2897.37	103
2897.85	103
2898.33	101
2898.81	97
2899.29	103
2899.77	93
2900.25	91
2900.74	97
2901.22	95
2901.7	97
2902.18	101
2902.66	89
2903.14	97
2903.62	93
2904.1	87
2904.58	93
2905.06	93
2905.54	83
2906.02	95
2906.5	89
2906.98	87
2907.46	101
2907.94	89
2908.42	101
2908.9	91
2909.38	95
2909.86	87
2910.34	95
2910.82	93
2911.3	103
2911.78	101
2912.26	93
2912.74	103
2913.22	107
2913.7	111
2914.18	115
2914.66	107
2915.14	109
2915.62	113
2916.1	103
2916.58	121
2917.06	127
2917.54	115
2918.02	129
2918.5	137
2918.97	135
2919.45	147
2919.93	143
2920.41	155
2920.89	165
2921.37	167
2921.85	153
2922.32	167
2922.8	175
2923.28	189
2923.76	183
2924.24	181
2924.72	197
2925.2	193
2925.67	203
2926.15	181
2926.63	205
2927.11	193
2927.59	197
2928.06	197
2928.54	197
2929.02	199
2929.5	201
2929.97	185
2930.45	179
2930.93	181
2931.41	181
2931.89	175
2932.36	167
2932.84	171
2933.32	163
2933.79	161
2934.27	159
2934.75	149
2935.23	157
2935.7	141
2936.18	131
2936.66	139
2937.13	119
2937.61	127
2938.09	111
2938.56	119
2939.04	115
2939.52	115
2939.99	113
2940.47	109
2940.95	107
2941.42	105
2941.9	101
2942.38	95
2942.85	93
2943.33	89
2943.81	91
2944.28	81
2944.76	77
2945.23	95
2945.71	75
2946.19	73
2946.66	71
2947.14	73
2947.61	69
2948.09	73
2948.56	77
2949.04	65
2949.52	73
2949.99	59
2950.47	63
2950.94	73
2951.42	61
2951.89	63
2952.37	61
2952.84	71
2953.32	65
2953.79	61
2954.27	67
2954.74	65
2955.22	51
2955.69	61
2956.17	55
2956.64	61
2957.12	65
2957.59	59
2958.07	55
2958.54	63
2959.01	65
2959.49	65
2959.96	65
2960.44	71
2960.91	67
2961.39	65
2961.86	67
2962.33	73
2962.81	73
2963.28	67
2963.76	75
2964.23	67
2964.7	75
2965.18	79
2965.65	81
2966.13	79
2966.6	81
2967.07	79
2967.55	79
2968.02	71
2968.49	81
2968.97	77
2969.44	81
2969.91	89
2970.39	73
2970.86	73
2971.33	83
2971.81	77
2972.28	81
2972.75	87
2973.22	81
2973.7	72.9314
2974.17	82.6881
2974.64	82.5776
2975.11	72.7003
2975.59	79.9663
2976.06	79.9606
2976.53	72.0664
2977.01	86.6939
2977.48	73.4499
2977.95	71.5631
2978.42	67.4458
2978.89	75.8431
2979.37	65.1924
2979.84	54.899
2980.31	61.689
2980.78	58.0882
2981.25	59.5121
2981.73	63.2086
2982.2	50.3854
2982.67	55.4855
2983.14	55.9094
2983.61	60.2871
2984.08	53.8711
2984.56	55.9322
2985.03	49.341
2985.5	43.9242
2985.97	51.8039
2986.44	48.0758
2986.91	45.303
2987.39	47.5294
2987.86	45.4045
2988.33	40.3763
2988.8	41.6373
2989.27	40.3818
2989.74	37.6471
2990.21	40.2157
2990.68	37.2817
2991.15	42.8554
2991.62	41.2975
2992.09	35.2563
2992.57	40.715
2993.04	37.7247
2993.51	36.6446
2993.98	41.1691
2994.45	40.7382
2994.92	36.1078
2995.39	39.7172
2995.86	31.6324
2996.33	32.049
2996.8	33.0588
2997.27	30.632
2997.74	33.3296
2998.21	34.0511
2998.68	34.946
2999.15	35.6569
2999.62	25.7015
3000.09	30.7762
3000.56	33.3666
3001.03	32.3337
3001.5	26.9228
3001.97	29.8237
3002.44	31.3824
3002.91	31.2639
3003.38	34.5098
3003.85	31.5294
3004.32	30.1541
3004.79	27.2561
3005.25	29.6471
3005.72	32.9853
3006.19	33.7255
3006.66	30.936
3007.13	28.7729
3007.6	32.2443
3008.07	25.6217
3008.54	29.5392
3009.01	28.9173
3009.48	24.5941
3009.94	29
3010.41	30.0267
3010.88	33.4412
3011.35	32.0445
3011.82	28.483
3012.29	26.4008
3012.76	28.333
3013.22	29.1349
3013.69	31.2539
3014.16	28.7838
3014.63	27.4946
3015.1	29.1994
3015.57	29.6969
3016.03	26.0331
3016.5	29.6176
3016.97	28.2811
3017.44	26.9438
3017.91	32.003
3018.37	27
3018.84	27.2238
3019.31	28.7641
3019.78	21.4071
3020.24	26.6587
3020.71	21.2138
3021.18	25.0196
3021.64	25
3022.11	33
3022.58	31
3023.05	29
3023.52	29
3023.99	27
3024.46	25
3024.93	29
3025.4	25
3025.87	29
3026.34	25
3026.81	35
3027.28	27
3027.75	27
3028.22	29
3028.69	27
3029.16	35
3029.63	25
3030.1	25
3030.57	25
3031.04	29
3031.51	19
3031.98	23
3032.45	29
3032.92	31
3033.39	29
3033.86	17
3034.33	27
3034.8	23
3035.26	27
3035.73	27
3036.2	25
3036.67	23
3037.14	25
3037.61	19
3038.08	29
3038.55	21
3039.02	25
3039.48	21
3039.95	23
3040.42	27
3040.89	25
3041.36	27
3041.83	19
3042.3	29
3042.76	27
3043.23	25
3043.7	22
3044.17	19
3044.64	21
3045.1	21
3045.57	27
3046.04	25
3046.51	29
3046.98	23
3047.44	25
3047.91	27
3048.38	19
3048.85	15
3049.32	23
3049.78	21
3050.25	23
3050.72	17
3051.19	23
3051.65	21
3052.12	23
3052.59	23
3053.05	27
3053.52	23
3053.99	27
3054.46	25
3054.92	25
3055.39	25
3055.86	25
3056.32	23
3056.79	21
3057.26	27
3057.72	11
3058.19	23
3058.66	27
3059.12	23
3059.59	25
3060.06	27
3060.52	27
3060.99	27
3061.46	27
3061.92	27
3062.39	25
3062.85	25
3063.32	19
3063.79	23
3064.25	23
3064.72	21
3065.18	25
3065.65	23
3066.12	27
3066.58	27
3067.05	25
3067.51	29
3067.98	21
3068.44	25
3068.91	25
3069.37	21
3069.84	27
3070.31	23
3070.77	23
3071.24	31
3071.7	21
3072.17	25
3072.63	23
3073.1	23
3073.56	25
3074.03	29
3074.49	27
3074.96	21
3075.42	21
3075.89	27
3076.35	25
3076.81	25
3077.28	23
3077.74	23
3078.21	21
3078.67	21
3079.14	19
3079.6	23
3080.07	19
3080.53	23
3080.99	25
3081.46	25
3081.92	27
3082.39	25
3082.85	23
3083.31	21
3083.78	29
3084.24	23
3084.71	23
3085.17	27
3085.63	25
3086.1	21
3086.56	23
3087.02	25
3087.49	13
3087.95	25
3088.41	21
3088.88	23
3089.34	21
3089.8	25
3090.27	21
3090.73	23
3091.19	25
3091.66	19
3092.12	25
3092.58	21
3093.04	21
3093.51	21
3093.97	19
3094.43	27
3094.89	23
3095.36	17
3095.82	19
3096.28	21
3096.74	17
3097.21	21
3097.67	29
3098.13	23
3098.59	19
3099.06	25
3099.52	21
3099.98	25
3100.44	25
3100.91	21
3101.37	29
3101.83	17
3102.29	23
3102.75	23
3103.21	21
3103.68	17
3104.14	23
3104.6	23
3105.06	23
3105.52	19
3105.98	25
3106.44	19
3106.91	19
3107.37	21
3107.83	21
3108.29	21
3108.75	19
3109.21	23
3109.67	25
3110.13	19
3110.59	23
3111.06	19
3111.52	27
3111.98	23
3112.44	21
3112.9	25
3113.36	23
3113.82	23
3114.28	19
3114.74	25
3115.2	19
3115.66	21
3116.12	23
3116.58	23
3117.04	25
3117.5	27
3117.96	23
3118.42	25
3118.88	19
3119.34	21
3119.8	25
3120.26	27
3120.72	21
3121.18	23
3121.64	23
3122.1	23
3122.56	25
3123.02	25
3123.48	25
3123.94	25
3124.4	25
3124.86	21
3125.32	19
3125.78	21
3126.24	19
3126.69	25
3127.15	23
3127.61	23
3128.07	17
3128.53	21
3128.99	21
3129.45	19
3129.91	19
3130.37	23
3130.83	19
3131.28	27
3131.74	21
3132.2	13
3132.66	19
3133.12	15
3133.58	15
3134.03	23
3134.49	21
3134.95	19
3135.41	21
3135.87	21
3136.33	13
3136.78	23
3137.24	17
3137.7	31
3138.16	23
3138.62	23
3139.07	23
3139.53	15
3139.99	23
3140.45	25
3140.9	17
3141.36	21
3141.82	21
3142.28	29
3142.73	23
3143.19	17
3143.65	19
3144.11	23
3144.56	21
3145.02	21
3145.48	21
3145.93	19
3146.39	23
3146.85	19
3147.3	27
3147.76	21
3148.22	23
3148.68	21
3149.13	17
3149.59	23
3150.05	25
3150.5	19
3150.96	19
3151.42	21
3151.87	19
3152.33	23
3152.78	19
3153.24	29
3153.7	21
3154.15	23
3154.61	23
3155.06	27
3155.52	23
3155.98	21
3156.43	23
3156.89	23
3157.34	19
3157.8	21
3158.26	21
3158.71	23
3159.17	21
3159.62	13
3160.08	23
3160.53	21
3160.99	21
3161.44	23
3161.9	25
3162.35	19
3162.81	19
3163.26	19
3163.72	21
3164.18	21
3164.63	25
3165.09	21
3165.54	19
3166	25
3166.45	21
3166.91	23
3167.36	17
3167.81	19
3168.27	17
3168.72	19
3169.18	19
3169.63	23
3170.09	21
3170.54	19
3171	19
3171.45	13
3171.9	27
3172.36	21
3172.81	23
3173.27	21
3173.72	15
3174.17	17
3174.63	19
3175.08	17
3175.54	21
3175.99	19
3176.44	17
3176.9	21
3177.35	21
3177.8	21
3178.26	23
3178.71	21
3179.16	19
3179.62	19
3180.07	21
3180.52	17
3180.98	19
3181.43	15
3181.88	17
3182.34	19
3182.79	21
3183.24	21
3183.7	13
3184.15	19
3184.6	23
3185.05	21
3185.51	17
3185.96	19
3186.41	15
3186.87	27
3187.32	25
3187.77	11
3188.22	19
3188.67	17
3189.13	23
3189.58	19
3190.03	23
3190.48	17
3190.94	25
3191.39	23
3191.84	25
3192.29	17
3192.74	19
3193.2	19
3193.65	19
3194.1	19
3194.55	25
3195	21
3195.46	23
3195.91	21
3196.36	21
3196.81	19
3197.26	19
3197.71	19
3198.16	21
3198.62	25
3199.07	23
3199.52	21
3199.97	27
3200.42	27
3200.87	23
3201.32	19
3201.77	25
3202.22	23
3202.68	25
3203.12	25
3203.58	17
3204.03	23
3204.48	25
3204.93	17
3205.38	27
3205.83	19
3206.28	21
3206.73	21
3207.18	27
3207.63	21
3208.08	21
3208.53	25
3208.98	17
3209.43	15
3209.88	19
3210.33	21
3210.78	19
3211.23	23
3211.68	23
3212.13	21
3212.58	21
3213.03	19
3213.48	23
3213.93	25
3214.38	17
3214.83	19
3215.28	25
3215.73	17
3216.18	25
3216.63	21
3217.08	23
3217.53	17
3217.97	25
3218.42	23
3218.87	21
3219.32	23
3219.77	17
3220.22	21
3220.67	17
3221.12	23
3221.57	23
3222.02	21
3222.46	25
3222.91	17
3223.36	27
3223.81	21
3224.26	25
3224.71	19
3225.16	21
3225.6	19
3226.05	23
3226.5	21
3226.95	21
3227.4	15
3227.84	25
3228.29	23
3228.74	19
3229.19	27
3229.64	21
3230.08	21
3230.53	25
3230.98	21
3231.43	19
3231.88	19
3232.32	23
3232.77	15
3233.22	27
3233.67	21
3234.11	27
3234.56	23
3235.01	23
3235.46	19
3235.9	17
3236.35	27
3236.8	23
3237.24	19
3237.69	19
3238.14	21
3238.59	25
3239.03	25
3239.48	25
3239.93	25
3240.37	21
3240.82	19
3241.27	19
3241.71	19
3242.16	21
3242.61	25
3243.05	25
3243.5	19
3243.94	19
3244.39	19
3244.84	23
3245.28	17
3245.73	19
3246.18	25
3246.62	21
3247.07	25
3247.51	23
3247.96	17
3248.41	23
3248.85	19
3249.3	15
3249.74	21
3250.19	21
3250.63	19
3251.08	17
3251.53	17
3251.97	21
3252.42	17
3252.86	21
3253.31	21
3253.75	17
3254.2	21
3254.64	21
3255.09	19
3255.53	25
3255.98	17
3256.42	23
3256.87	21
3257.31	27
3257.76	21
3258.2	13
3258.65	23
3259.09	21
3259.54	21
3259.98	21
3260.43	19
3260.87	27
3261.32	21
3261.76	19
3262.2	17
3262.65	17
3263.09	15
3263.54	25
3263.98	15
3264.43	25
3264.87	23
3265.31	17
3265.76	23
3266.2	23
3266.65	21
3267.09	25
3267.53	23
3267.98	27
3268.42	23
3268.86	17
3269.31	21
3269.75	21
3270.19	21
3270.64	17
3271.08	23
3271.52	21
3271.97	23
3272.41	23
3272.85	23
3273.3	21
3273.74	20
3274.18	15
3274.63	19
3275.07	23
3275.51	25
3275.96	25
3276.4	17
3276.84	19
3277.28	21
3277.73	25
3278.17	19
3278.61	23
3279.06	23
3279.5	23
3279.94	21
3280.38	19
3280.83	23
3281.27	19
3281.71	23
3282.15	25
3282.59	21
3283.04	25
3283.48	17
3283.92	21
3284.36	23
3284.8	21
3285.25	25
3285.69	25
3286.13	21
3286.57	21
3287.01	23
3287.46	19
3287.9	19
3288.34	23
3288.78	23
3289.22	19
3289.66	19
3290.1	23
3290.54	21
3290.99	27
3291.43	23
3291.87	17
3292.31	21
3292.75	19
3293.19	23
3293.63	23
3294.07	25
3294.51	27
3294.96	23
3295.4	21
3295.84	25
3296.28	17
3296.72	20
3297.16	19
3297.6	19
3298.04	23
3298.48	19
3298.92	19
3299.36	13
3299.8	23
3300.24	23
3300.68	21
3301.12	17
3301.56	21
3302	19
3302.44	19
3302.88	19
3303.32	19
3303.76	23
3304.2	17
3304.64	19
3305.08	23
3305.52	23
3305.96	21
3306.4	25
3306.84	19
3307.28	17
3307.72	23
3308.16	17
3308.6	23
3309.04	21
3309.48	17
3309.92	23
3310.35	21
3310.79	23
3311.23	21
3311.67	27
3312.11	17
3312.55	19
3312.99	23
3313.43	21
3313.87	17
3314.3	21
3314.74	19
3315.18	21
3315.62	21
3316.06	25
3316.5	19
3316.94	19
3317.38	25
3317.81	23
3318.25	21
3318.69	23
3319.13	21
3319.57	21
3320	21
3320.44	15
3320.88	25
3321.32	23
3321.76	19
3322.19	21
3322.63	21
3323.07	21
3323.51	25
3323.95	19
3324.38	23
3324.82	21
3325.26	23
3325.7	25
3326.13	21
3326.57	25
3327.01	19
3327.45	17
3327.88	27
3328.32	15
3328.76	21
3329.19	13
3329.63	21
3330.07	23
3330.5	15
3330.94	21
3331.38	25
3331.82	15
3332.25	15
3332.69	19
3333.13	23
3333.56	23
3334	21
3334.44	19
3334.87	15
3335.31	19
3335.74	23
3336.18	15
3336.62	21
3337.05	17
3337.49	17
3337.93	19
3338.36	23
3338.8	23
3339.23	17
3339.67	17
3340.11	23
3340.54	17
3340.98	21
3341.41	21
3341.85	19
3342.29	21
3342.72	23
3343.16	23
3343.59	27
3344.03	19
3344.46	19
3344.9	19
3345.33	21
3345.77	25
3346.21	23
3346.64	15
3347.08	21
3347.51	23
3347.95	27
3348.38	15
3348.82	19
3349.25	21
3349.69	21
3350.12	27
3350.55	19
3350.99	19
3351.42	23
3351.86	23
3352.29	21
3352.73	19
3353.16	19
3353.6	19
3354.03	19
3354.47	21
3354.9	19
3355.33	17
3355.77	17
3356.2	19
3356.64	17
3357.07	25
3357.51	19
3357.94	19
3358.37	15
3358.81	23
3359.24	19
3359.68	23
3360.11	17
3360.54	21
3360.98	15
3361.41	21
3361.84	15
3362.28	17
3362.71	25
3363.14	19
3363.58	17
3364.01	23
3364.44	25
3364.88	21
3365.31	21
3365.74	15
3366.18	17
3366.61	17
3367.04	19
3367.48	23
3367.91	21
3368.34	15
3368.78	19
3369.21	23
3369.64	21
3370.07	21
3370.51	21
3370.94	15
3371.37	23
3371.8	17
3372.24	25
3372.67	21
3373.1	17
3373.53	25
3373.97	17
3374.4	19
3374.83	25
3375.26	19
3375.69	21
3376.13	19
3376.56	21
3376.99	21
3377.42	21
3377.85	17
3378.29	21
3378.72	11
3379.15	21
3379.58	27
3380.01	25
3380.44	21
3380.88	19
3381.31	21
3381.74	21
3382.17	15
3382.6	15
3383.03	17
3383.46	19
3383.9	21
3384.33	19
3384.76	21
3385.19	21
3385.62	25
3386.05	21
3386.48	19
3386.91	15
3387.34	23
3387.77	21
3388.2	27
3388.64	15
3389.07	19
3389.5	17
3389.93	23
3390.36	19
3390.79	23
3391.22	20.9706
3391.65	17.0075
3392.08	15.2332
3392.51	19.121
3392.94	17.1765
3393.37	22.8682
3393.8	22.8003
3394.23	24.8529
3394.66	19.2997
3395.09	24.5912
3395.52	20.7551
3395.95	20.5901
3396.38	20.7549
3396.81	15.5737
3397.24	19.1919
3397.67	15.2568
3398.1	16.7721
3398.53	22.4101
3398.96	24.4898
3399.39	18.6666
3399.82	22.2931
3400.25	21.326
3400.68	20.6055
3401.11	17.782
3401.54	18.1741
3401.96	19.4569
3402.39	20.5623
3402.82	20.0399
3403.25	23.9539
3403.68	23.4417
3404.11	21.2677
3404.54	16.8256
3404.97	18.9765
3405.4	21.0488
3405.83	17.6765
3406.25	22.9015
3406.68	17.0071
3407.11	21.5294
3407.54	19
3407.97	20.2255
3408.4	18.6489
3408.83	24.5069
3409.25	17.58
3409.68	16.9034
3410.11	15.75
3410.54	21.1673
3410.97	15.9679
3411.4	19.1373
3411.82	20.8548
3412.25	18.1876
3412.68	21.7268
3413.11	18.436
3413.54	16.787
3413.96	17
3414.39	16.9891
3414.82	19.7273
3415.25	15.5785
3415.68	16.8445
3416.1	15.8922
3416.53	16.4885
3416.96	21.2513
3417.39	22.801
3417.81	20.9716
3418.24	17.7125
3418.67	17.4986
3419.1	20.184
3419.52	21.4359
3419.95	21.6765
3420.38	19.5528
3420.81	18.2745
3421.23	16.5519
3421.66	19.4075
3422.09	19.3466
3422.51	19
3422.94	17.3742
3423.37	19.2315
3423.8	19.8148
3424.22	19.6163
3424.65	19.4398
3425.08	20.1046
3425.5	17.2544
3425.93	20.6458
3426.36	18.53
3426.78	17.3627
3427.21	19.1435
3427.64	19
3428.06	19.5103
3428.49	20.1687
3428.92	18.7353
3429.34	16.5159
3429.77	18.1398
3430.19	19
3430.62	19.9306
3431.05	17.4873
3431.47	16.2634
3431.9	19.2231
3432.32	22.0041
3432.75	19.7544
3433.18	19.3445
3433.6	21.1471
3434.03	18.767
3434.45	20.3317
3434.65	23
3435.07	17
3435.5	19
3435.93	23
3436.36	19
3436.79	21
3437.22	23
3437.65	19
3438.07	19
3438.5	19
3438.93	17
3439.36	17
3439.79	17
3440.22	19
3440.64	15
3441.07	25
3441.5	15
3441.93	15
3442.36	17
3442.78	21
3443.21	17
3443.64	15
3444.07	21
3444.5	21
3444.92	17
3445.35	21
3445.78	19
3446.21	21
3446.63	19
3447.06	21
3447.49	21
3447.92	21
3448.34	19
3448.77	19
3449.2	21
3449.63	19
3450.05	21
3450.48	17
3450.91	17
3451.33	17
3451.76	21
3452.19	21
3452.61	21
3453.04	19
3453.47	13
3453.89	21
3454.32	21
3454.75	19
3455.17	17
3455.6	21
3456.03	19
3456.45	21
3456.88	11
3457.31	17
3457.73	23
3458.16	21
3458.59	23
3459.01	17
3459.44	13
3459.86	18
3460.29	21
3460.72	19
3461.14	19
3461.57	19
3461.99	15
3462.42	21
3462.85	21
3463.27	21
3463.7	21
3464.12	21
3464.55	19
3464.97	17
3465.4	15
3465.83	13
3466.25	15
3466.68	15
3467.1	21
3467.53	19
3467.95	17
3468.38	23
3468.8	19
3469.23	19
3469.65	17
3470.08	19
3470.5	19
3470.93	15
3471.35	19
3471.78	17
3472.2	21
3472.63	17
3473.05	21
3473.48	19
3473.9	17
3474.33	25
3474.75	21
3475.18	19
3475.6	19
3476.02	19
3476.45	17
3476.87	17
3477.3	17
3477.72	23
3478.15	23
3478.57	15
3478.99	21
3479.42	21
3479.84	17
3480.27	19
3480.69	15
3481.11	17
3481.54	21
3481.96	21
3482.39	21
3482.81	19
3483.23	19
3483.66	17
3484.08	19
3484.5	21
3484.93	21
3485.35	13
3485.77	15
3486.2	15
3486.62	13
3487.04	21
3487.47	17
3487.89	19
3488.31	21
3488.74	21
3489.16	15
3489.58	17
3490.01	21
3490.43	21
3490.85	19
3491.27	19
3491.7	19
3492.12	25
3492.54	21
3492.96	17
3493.39	21
3493.81	13
3494.23	21
3494.66	17
3495.08	15
3495.5	17
3495.92	21
3496.34	17
3496.77	21
3497.19	17
3497.61	19
3498.03	25
3498.45	11
3498.88	21
3499.3	19
3499.72	17
3500.14	25
3500.56	17
3500.99	15
3501.41	15
3501.83	17
3502.25	15
3502.67	15
3503.09	23
3503.52	21
3503.94	19
3504.36	19
3504.78	19
3505.2	15
3505.62	19
3506.04	21
3506.47	27
3506.89	15
3507.31	15
3507.73	19
3508.15	15
3508.57	23
3508.99	19
3509.41	17
3509.83	15
3510.25	13
3510.68	17
3511.1	19
3511.52	19
3511.94	21
3512.36	19
3512.78	17
3513.2	17
3513.62	19
3514.04	19
3514.46	19
3514.88	23
3515.3	19
3515.72	21
3516.14	23
3516.56	19
3516.98	25
3517.4	23
3517.82	13
3518.24	19
3518.66	17
3519.08	15
3519.5	23
3519.92	19
3520.34	19
3520.76	17
3521.18	17
3521.6	17
3522.02	15
3522.44	19
3522.86	11
3523.28	21
3523.7	21
3524.12	19
3524.54	21
3524.95	17
3525.37	23
3525.79	17
3526.21	25
3526.63	19
3527.05	17
3527.47	13
3527.89	17
3528.31	17
3528.73	17
3529.15	21
3529.56	19
3529.98	19
3530.4	23
3530.82	19
3531.24	23
3531.66	19
3532.08	15
3532.49	21
3532.91	21
3533.33	19
3533.75	23
3534.17	21
3534.59	21
3535	21
3535.42	21
3535.84	23
3536.26	17
3536.68	11
3537.09	19
3537.51	25
3537.93	19
3538.35	23
3538.77	19
3539.18	27
3539.6	15
3540.02	19
3540.44	25
3540.85	21
3541.27	27
3541.69	19
3542.11	25
3542.52	21
3542.94	21
3543.36	17
3543.78	21
3544.19	21
3544.61	15
3545.03	23
3545.44	15
3545.86	23
3546.28	23
3546.7	17
3547.11	23
3547.53	17
3547.95	17
3548.36	19
3548.78	15
3549.2	19
3549.61	23
3550.03	21
3550.45	19
3550.86	21
3551.28	15
3551.7	21
3552.11	19
3552.53	15
3552.94	19
3553.36	17
3553.78	15
3554.19	17
3554.61	19
3555.03	19
3555.44	23
3555.86	23
3556.27	23
3556.69	21
3557.11	19
3557.52	21
3557.94	19
3558.35	21
3558.77	17
3559.18	21
3559.6	19
3560.02	23
3560.43	19
3560.85	17
3561.26	23
3561.68	19
3562.09	19
3562.51	17
3562.92	21
3563.34	23
3563.75	21
3564.17	19
3564.58	15
3565	15
3565.41	19
3565.83	21
3566.24	27
3566.66	23
3567.07	19
3567.49	21
3567.9	19
3568.32	19
3568.73	13
3569.15	19
3569.56	19
3569.98	19
3570.39	21
3570.81	21
3571.22	23
3571.63	23
3572.05	21
3572.46	19
3572.88	25
3573.29	19
3573.71	21
3574.12	21
3574.53	21
3574.95	21
3575.36	19
3575.78	21
3576.19	21
3576.6	19
3577.02	19
3577.43	21
3577.84	23
3578.26	17
3578.67	27
3579.09	25
3579.5	15
3579.91	21
3580.33	21
3580.74	17
3581.15	21
3581.57	23
3581.98	19
3582.39	17
3582.81	15
3583.22	17
3583.63	21
3584.04	17
3584.46	17
3584.87	23
3585.28	25
3585.7	21
3586.11	17
3586.52	25
3586.93	19
3587.35	19
3587.76	19
3588.17	19
3588.59	23
3589	23
3589.41	17
3589.82	19
3590.24	19
3590.65	23
3591.06	21
3591.47	17
3591.88	21
3592.3	19
3592.71	21
3593.12	23
3593.53	19
3593.94	19
3594.36	21
3594.77	19
3595.18	21
3595.59	19
3596	17
3596.42	13
3596.83	17
3597.24	19
3597.65	15
3598.06	21
3598.47	17
3598.89	23
3599.3	19
3599.71	17
3600.12	17
3600.53	21
3600.94	21
3601.35	17
3601.77	25
3602.18	21
3602.59	21
3603	19
3603.41	13
3603.82	17
3604.23	19
3604.64	17
3605.05	23
3605.46	25
3605.87	13
3606.28	19
3606.7	11
3607.11	19
3607.52	19
3607.93	21
3608.34	23
3608.75	17
3609.16	17
3609.57	21
3609.98	13
3610.39	19
3610.8	21
3611.21	15
3611.62	19
3612.03	23
3612.44	25
3612.85	23
3613.26	19
3613.67	17
3614.08	25
3614.49	25
3614.9	13
3615.31	27
3615.72	13
3616.13	23
3616.54	21
3616.95	15
3617.36	25
3617.77	21
3618.18	23
3618.59	17
3619	15
3619.4	19
3619.81	21
3620.22	23
3620.63	21
3621.04	19
3621.45	19
3621.86	25
3622.27	21
3622.68	19
3623.09	21
3623.5	25
3623.9	17
3624.31	23
3624.72	21
3625.13	19
3625.54	17
3625.95	23
3626.36	15
3626.77	19
3627.17	15
3627.58	23
3627.99	19
3628.4	27
3628.81	19
3629.22	15
3629.62	13
3630.03	19
3630.44	23
3630.85	17
3631.26	23
3631.67	21
3632.07	23
3632.48	17
3632.89	27
3633.3	19
3633.7	15
3634.11	19
3634.52	17
3634.93	19
3635.34	21
3635.74	21
3636.15	17
3636.56	19
3636.97	17
3637.37	21
3637.78	29
3638.19	21
3638.6	21
3639	19
3639.41	17
3639.82	19
3640.22	19
3640.63	21
3641.04	23
3641.45	23
3641.85	15
3642.26	27
3642.67	15
3643.07	21
3643.48	19
3643.89	25
3644.29	21
3644.7	19
3645.11	25
3645.51	19
3645.92	15
3646.33	19
3646.73	25
3647.14	25
3647.55	13
3647.95	21
3648.36	15
3648.76	19
3649.17	19
3649.58	23
3649.98	17
3650.39	17
3650.8	23
3651.2	17
3651.61	15
3652.01	21
3652.42	23
3652.82	17
3653.23	23
3653.64	21
3654.04	19
3654.45	27
3654.85	19
3655.26	19
3655.67	29
3656.07	25
3656.48	17
3656.88	23
3657.29	21
3657.69	21
3658.1	21
3658.5	19
3658.91	23
3659.31	21
3659.72	15
3660.12	25
3660.53	15
3660.93	23
3661.34	19
3661.74	19
3662.15	17
3662.55	25
3662.96	21
3663.36	23
3663.77	21
3664.17	25
3664.58	22
3664.98	19
3665.39	25
3665.79	23
3666.19	21
3666.6	21
3667	21
3667.41	17
3667.81	21
3668.22	21
3668.62	17
3669.02	27
3669.43	23
3669.83	23
3670.24	19
3670.64	17
3671.04	23
3671.45	17
3671.85	17
3672.26	21
3672.66	19
3673.06	23
3673.47	17
3673.87	17
3674.27	21
3674.68	25
3675.08	15
3675.48	19
3675.89	17
3676.29	15
3676.69	21
3677.1	19
3677.5	23
3677.9	23
3678.31	19
3678.71	23
3679.11	17
3679.52	19
3679.92	25
3680.32	23
3680.73	21
3681.13	21
3681.53	17
3681.93	21
3682.34	21
3682.74	21
3683.14	21
3683.55	21
3683.95	15
3684.35	23
3684.75	19
3685.16	23
3685.56	22
3685.96	21
3686.36	17
3686.76	19
3687.17	21
3687.57	17
3687.97	23
3688.37	23
3688.77	19
3689.18	19
3689.58	21
3689.98	21
3690.38	19
3690.78	21
3691.19	15
3691.59	25
3691.99	21
3692.39	17
3692.79	15
3693.19	23
3693.6	21
3694	21
3694.4	25
3694.8	21
3695.2	23
3695.6	21
3696	21
3696.41	19
3696.81	17
3697.21	23
3697.61	21
3698.01	27
3698.41	19
3698.81	17
3699.21	21
3699.62	19
3700.02	21
3700.42	23
3700.82	25
3701.22	15
3701.62	19
3702.02	27
3702.42	23
3702.82	19
3703.22	25
3703.62	15
3704.02	19
3704.42	21
3704.82	27
3705.22	21
3705.62	17
3706.02	23
3706.43	19
3706.83	23
3707.23	19
3707.63	21
3708.03	25
3708.43	19
3708.83	21
3709.23	19
3709.63	17
3710.03	21
3710.42	17
3710.82	15
3711.22	17
3711.62	21
3712.02	23
3712.42	23
3712.82	15
3713.22	19
3713.62	21
3714.02	23
3714.42	19
3714.82	25
3715.22	25
3715.62	19
3716.02	21
3716.42	23
3716.82	19
3717.22	21
3717.61	19
3718.01	21
3718.41	15
3718.81	15
3719.21	17
3719.61	19
3720.01	19
3720.41	19
3720.81	25
3721.2	15
3721.6	17
3722	13
3722.4	19
3722.8	17
3723.2	19
3723.6	17
3723.99	19
3724.39	19
3724.79	15
3725.19	15
3725.59	21
3725.99	19
3726.38	21
3726.78	19
3727.18	17
3727.58	13
3727.98	17
3728.37	15
3728.77	19
3729.17	15
3729.57	25
3729.96	21
3730.36	19
3730.76	23
3731.16	13
3731.56	23
3731.95	13
3732.35	19
3732.75	17
3733.15	21
3733.54	17
3733.94	21
3734.34	21
3734.73	19
3735.13	15
3735.53	21
3735.93	21
3736.32	19
3736.72	25
3737.12	21
3737.52	19
3737.91	19
3738.31	13
3738.71	21
3739.1	17
3739.5	13
3739.9	17
3740.29	15
3740.69	19
3741.09	21
3741.48	17
3741.88	25
3742.28	17
3742.67	23
3743.07	21
3743.46	23
3743.86	23
3744.26	23
3744.65	21
3745.05	21
3745.45	17
3745.84	23
3746.24	13
3746.63	23
3747.03	21
3747.43	23
3747.82	19
3748.22	25
3748.61	19
3749.01	23
3749.41	17
3749.8	15
3750.2	19
3750.59	23
3750.99	21
3751.38	17
3751.78	17
3752.17	19
3752.57	19
3752.96	21
3753.36	15
3753.76	21
3754.15	17
3754.55	21
3754.94	19
3755.34	23
3755.73	23
3756.13	25
3756.52	19
3756.92	21
3757.31	21
3757.71	21
3758.1	21
3758.5	15
3758.89	19
3759.29	17
3759.68	21
3760.07	23
3760.47	17
3760.86	17
3761.26	19
3761.65	17
3762.05	17
3762.44	21
3762.84	19
3763.23	19
3763.63	25
3764.02	15
3764.41	23
3764.81	19
3765.2	15
3765.6	21
3765.99	15
3766.38	27
3766.78	17
3767.17	25
3767.57	19
3767.96	21
3768.35	17
3768.75	21
3769.14	19
3769.53	21
3769.93	27
3770.32	19
3770.71	21
3771.11	21
3771.5	21
3771.9	15
3772.29	25
3772.68	22.989
3773.07	22.872
3773.47	20.8787
3773.86	13.3842
3774.25	26.7077
3774.65	22.78
3775.04	17.1905
3775.43	15.4645
3775.83	18.8081
3776.22	22.8397
3776.61	20.4982
3777.01	22.7245
3777.4	15.5943
3777.79	19.4411
3778.18	17.29
3778.58	20.8469
3778.97	19.8307
3779.36	20.5962
3779.75	21.89
3780.15	13.7258
3780.54	19.8239
3780.93	21.71
3781.32	20.1
3781.72	20.165
3782.11	19.4391
3782.5	16.0694
3782.89	20.9053
3783.29	14.2797
3783.68	26.3876
3784.07	22.8024
3784.46	20.1765
3784.85	20.8243
3785.25	21
3785.64	14.35
3786.03	19.7122
3786.42	24.2583
3786.81	18.9873
3787.21	19.5
3787.6	19.46
3787.99	18.21
3788.38	20.18
3788.77	21.797
3789.16	23.8269
3789.56	21.3507
3789.95	14.56
3790.34	20.3129
3790.73	21.9685
3791.12	18.3334
3791.51	16.8052
3791.9	16.8838
3792.3	23.8396
3792.69	18.3137
3793.08	18.05
3793.47	20.9117
3793.86	16.4077
3794.25	15.89
3794.64	19.5784
3795.03	17.8582
3795.42	15.83
3795.82	18.6398
3796.21	15.6122
3796.6	17.5145
3796.99	13.214
3797.38	16.9631
3797.77	16.7599
3798.16	15.2562
3798.55	19.1288
3798.94	17.9347
3799.33	21.0385
3799.72	19.9204
3800.11	16.1454
3800.5	22.5481
3800.89	20.2562
3801.28	19.3341
3801.67	15.3064
3802.06	18.4013
3802.46	18.9476
3802.85	19.45
3803.24	18.3981
3803.63	17.939
3804.02	17
3804.41	18.4904
3804.8	21.1718
3805.19	20.537
3805.57	16.1323
3805.96	17.8289
3806.35	19.27
3806.74	16.7506
3807.13	18.6031
3807.52	14.0307
3807.91	16.5239
3808.3	21.7862
3808.69	20.6006
3809.08	20.3829
3809.47	19.5491
3809.86	16.853
3810.25	19.6034
3810.64	19.4613
3811.03	19.2193
3811.42	19.8839
3811.59	19
3811.99	19
3812.38	19
3812.77	15
3813.16	15
3813.55	21
3813.94	21
3814.34	19
3814.73	23
3815.12	21
3815.51	19
3815.9	19
3816.3	13
3816.69	19
3817.08	9
3817.47	15
3817.86	19
3818.25	15
3818.65	13
3819.04	19
3819.43	23
3819.82	21
3820.21	21
3820.6	17
3820.99	23
3821.38	21
3821.78	19
3822.17	23
3822.56	23
3822.95	25
3823.34	27
3823.73	17
3824.12	17
3824.51	19
3824.9	19
3825.29	15
3825.68	21
3826.08	21
3826.47	17
3826.86	17
3827.25	19
3827.64	19
3828.03	23
3828.42	15
3828.81	23
3829.2	19
3829.59	23
3829.98	15
3830.37	17
3830.76	20
3831.15	23
3831.54	15
3831.93	23
3832.32	17
3832.71	17
3833.1	19
3833.49	13
3833.88	21
3834.27	15
3834.66	13
3835.05	15
3835.44	18
3835.83	19
3836.22	19
3836.61	17
3837	21
3837.39	15
3837.78	13
3838.17	21
3838.56	17
3838.95	19
3839.34	19
3839.73	15
3840.11	15
3840.5	19
3840.89	19
3841.28	21
3841.67	21
3842.06	19
3842.45	15
3842.84	17
3843.23	19
3843.62	15
3844	17
3844.39	19
3844.78	15
3845.17	19
3845.56	17
3845.95	13
3846.34	13
3846.73	19
3847.11	19
3847.5	19
3847.89	19
3848.28	15
3848.67	19
3849.06	19
3849.45	17
3849.83	21
3850.22	19
3850.61	25
3851	25
3851.39	15
3851.77	21
3852.16	17
3852.55	19
3852.94	15
3853.33	19
3853.71	19
3854.1	19
3854.49	17
3854.88	29
3855.26	19
3855.65	21
3856.04	23
3856.43	25
3856.82	23
3857.2	17
3857.59	21
3857.98	23
3858.37	17
3858.75	21
3859.14	21
3859.53	19
3859.91	23
3860.3	19
3860.69	21
3861.08	19
3861.46	15
3861.85	21
3862.24	19
3862.62	19
3863.01	19
3863.4	17
3863.79	21
3864.17	21
3864.56	21
3864.95	15
3865.33	19
3865.72	17
3866.11	19
3866.49	19
3866.88	17
3867.27	17
3867.65	15
3868.04	21
3868.42	19
3868.81	19
3869.2	19
3869.58	21
3869.97	23
3870.36	23
3870.74	19
3871.13	23
3871.51	23
3871.9	19
3872.29	23
3872.67	17
3873.06	11
3873.44	17
3873.83	19
3874.22	21
3874.6	19
3874.99	15
3875.37	25
3875.76	21
3876.14	19
3876.53	17
3876.92	23
3877.3	17
3877.69	19
3878.07	23
3878.46	19
3878.84	23
3879.23	25
3879.61	21
3880	21
3880.38	21
3880.77	19
3881.15	15
3881.54	19
3881.92	21
3882.31	15
3882.69	19
3883.08	17
3883.46	17
3883.85	19
3884.23	17
3884.62	17
3885	15
3885.39	21
3885.77	21
3886.16	19
3886.54	15
3886.93	17
3887.31	19
3887.69	19
3888.08	23
3888.46	23
3888.85	15
3889.23	19
3889.62	17
3890	23
3890.38	21
3890.77	21
3891.15	15
3891.54	21
3891.92	19
3892.3	23
3892.69	23
3893.07	15
3893.46	21
3893.84	17
3894.22	17
3894.61	21
3894.99	17
3895.37	19
3895.76	15
3896.14	19
3896.53	19
3896.91	13
3897.29	17
3897.68	15
3898.06	19
3898.44	23
3898.83	19
3899.21	17
3899.59	19
3899.98	19
3900.36	17
3900.74	21
3901.12	19
3901.51	17
3901.89	21
3902.27	19
3902.66	17
3903.04	13
3903.42	21
3903.8	23
3904.19	19
3904.57	21
3904.95	19
3905.34	23
3905.72	23
3906.1	15
3906.48	27
3906.87	25
3907.25	19
3907.63	23
3908.01	17
3908.4	25
3908.78	23
3909.16	17
3909.54	23
3909.92	19
3910.31	23
3910.69	23
3911.07	19
3911.45	15
3911.83	23
3912.22	17
3912.6	21
3912.98	17
3913.36	21
3913.74	21
3914.13	25
3914.51	17
3914.89	19
3915.27	17
3915.65	13
3916.03	21
3916.42	25
3916.8	21
3917.18	21
3917.56	21
3917.94	21
3918.32	19
3918.7	19
3919.08	23
3919.47	21
3919.85	23
3920.23	17
3920.61	17
3920.99	19
3921.37	17
3921.75	15
3922.13	21
3922.51	19
3922.9	13
3923.28	15
3923.66	21
3924.04	21
3924.42	21
3924.8	17
3925.18	15
3925.56	17
3925.94	17
3926.32	17
3926.7	21
3927.08	17
3927.46	21
3927.84	17
3928.22	23
3928.6	21
3928.98	23
3929.36	19
3929.74	11
3930.12	21
3930.5	13
3930.88	21
3931.26	19
3931.64	21
3932.02	17
3932.4	19
3932.78	19
3933.16	17
3933.54	17
3933.92	17
3934.3	23
3934.68	17
3935.06	19
3935.44	21
3935.82	21
3936.2	17
3936.58	15
3936.96	27
3937.34	21
3937.72	15
3938.1	19
3938.48	19
3938.86	19
3939.24	21
3939.61	21
3939.99	15
3940.37	15
3940.75	21
3941.13	19
3941.51	23
3941.89	15
3942.27	19
3942.65	15
3943.03	19
3943.4	23
3943.78	23
3944.16	19
3944.54	21
3944.92	27
3945.3	17
3945.68	15
3946.05	17
3946.43	13
3946.81	19
3947.19	27
3947.57	19
3947.95	21
3948.33	19
3948.7	25
3949.08	21
3949.46	19
3949.84	19
3950.22	17
3950.59	23
3950.97	21
3951.35	21
3951.73	21
3952.1	21
3952.48	17
3952.86	19
3953.24	19
3953.62	17
3953.99	19
3954.37	23
3954.75	19
3955.13	21
3955.5	19
3955.88	23
3956.26	25
3956.64	19
3957.01	21
3957.39	21
3957.77	15
3958.15	25
3958.52	21
3958.9	23
3959.28	19
3959.66	21
3960.03	19
3960.41	13
3960.79	23
3961.16	21
3961.54	27
3961.92	13
3962.29	17
3962.67	17
3963.05	19
3963.42	23
3963.8	19
3964.18	13
3964.55	23
3964.93	21
3965.31	21
3965.68	21
3966.06	17
3966.44	15
3966.81	17
3967.19	15
3967.57	21
3967.94	23
3968.32	11
3968.69	17
3969.07	21
3969.45	23
3969.82	15
3970.2	25
3970.58	17
3970.95	17
3971.33	23
3971.7	17
3972.08	25
3972.46	17
3972.83	25
3973.21	23
3973.58	19
3973.96	25
3974.33	21
3974.71	19
3975.08	21
3975.46	13
3975.84	19
3976.21	21
3976.59	27
3976.96	21
3977.34	25
3977.71	25
3978.09	19
3978.46	17
3978.84	19
3979.21	25
3979.59	15
3979.96	23
3980.34	21
3980.71	25
3981.09	21
3981.46	19
3981.84	19
3982.21	23
3982.59	21
3982.96	25
3983.34	17
3983.71	27
3984.09	17
3984.46	21
3984.84	21
3985.21	17
3985.58	25
3985.96	21
3986.33	15
3986.71	23
3987.08	15
3987.46	17
3987.83	17
3988.2	23
3988.58	19
3988.95	17
3989.33	19
3989.7	23
3990.08	21
3990.45	21
3990.82	23
3991.2	17
3991.57	21
3991.95	17
3992.32	21
3992.69	17
3993.07	23
3993.44	27
3993.81	23
3994.19	21
3994.56	17
3994.93	21
3995.31	23
3995.68	23
3996.06	19
3996.43	23
3996.8	15
3997.18	21
3997.55	21
3997.92	11
3998.3	23
3998.67	17
3999.04	17
3999.41	17
3999.79	21
